72.72029352883287,95.4351936065911
72.7202756740324,95.43519220282762
72.72024251161362,95.43516793797049
72.71980875009618,95.43476854559671
72.71890636833204,95.43391951375908
72.71835382487133,95.43338444068385
72.7177656569248,95.43281042871297
72.71643971336113,95.43151451719021
72.71566544756885,95.43075835753622
72.71380529838157,95.42894192441395
72.71268844780975,95.42785047205442
72.71001393571225,95.42523253412892
72.70667284460546,95.42195353871334
72.70472502414009,95.42003801340384
72.70257861609176,95.41792432785061
72.69765051823894,95.41306192202718
72.69484960899246,95.41029355153096
72.6918116165145,95.4072876657897
72.68498780221108,95.4005262976402
72.68118405164418,95.3967527315577
72.67710734921296,95.3927054661463
72.6681007197218,95.38375544962841
72.65790048165618,95.37360896864031
72.65233225374277,95.36806666149582
72.64644127437428,95.36220104433734
72.64021969491392,95.35600433544293
72.62675398261524,95.34258716542912
72.61187489361615,95.32775546240502
72.60388707477387,95.31979105026815
72.59552425923222,95.31145151376656
72.5776459701305,95.29361952691016
72.56811698588876,95.28411359850637
72.55818598429764,95.27420558800519
72.53709233848956,95.25315763578176
72.52591722666116,95.24200513893388
72.5143151634598,95.23042544988235
72.50228024556631,95.21841257908913
72.47688890072335,95.19306391511991
72.44969865067526,95.16591356654838
72.43541561185017,95.15164903581955
72.42066707389783,95.13691809654772
72.40544755452085,95.1217177205694
72.38975089874234,95.10604809129079
72.35690533029647,95.07329359575762
72.32210871673293,95.03863427510257
72.30397633598308,95.02058521348772
72.26623406910639,94.98304761782555
72.24662162606438,94.9635614196478
72.22651447809595,94.94359981128777
72.20591323020938,94.92316589522642
72.1848193587343,94.90226343417866
72.16323524896433,94.88089676362955
72.14116426235151,94.85907065634642
72.07207430331236,94.79089242823494
72.04810360529157,94.76728765665229
72.02367342534602,94.74325507114905
71.99879061098983,94.71880267337876
71.97346277631209,94.6939384785283
71.9476981071273,94.66867063848993
71.92150521866084,94.6430075082115
71.84038439753064,94.5638446769072
71.81249075185735,94.53682507154292
71.75539912798699,94.48203198321566
71.72625502145328,94.45420867465674
71.6967429009036,94.42608196941748
71.63663012804689,94.36900336557432
71.60603345430003,94.34009812673722
71.57508108261581,94.31097491336006
71.54377812376043,94.28164873960563
71.44783843222497,94.19255670073082
71.41521178196926,94.1625114910508
71.3822792132923,94.13229975880797
71.34905178746186,94.10192465872971
71.2477213979494,94.00983569787944
71.21343694374936,93.97882150069562
71.14418149585184,93.91632175901464
71.10923480152678,93.88483866789984
71.07409157817568,93.8532017896312
71.00326213635387,93.78947348503888
70.96759860619427,93.75738602226774
70.93178379332277,93.7251528105547
70.8597420081292,93.66026030105579
70.78721697282474,93.59482072422392
70.75079687832589,93.5619045430182
70.71428368230991,93.52886253399295
70.67768597945364,93.49569872079778
70.64101204181618,93.46241729872482
70.53061068331381,93.36191167085819
70.49370817346359,93.32820467884876
70.45676615568365,93.29440300678246
70.41979124749403,93.2605113514851
70.34576762884154,93.19247734475462
70.3087306336978,93.15834474814686
70.27168418670205,93.12414165706826
70.23463357333875,93.08987289748427
70.16053969064593,93.02115767954554
70.08648608797064,92.95223764485392
70.04948510477521,92.91771256646936
69.97555433818219,92.84855523670042
69.93863180916979,92.81393190041344
69.90174227567715,92.77928467301084
69.82807458054293,92.70993541084607
69.7545737826836,92.64054062198771
69.71789231291478,92.60583598451075
69.68125989939158,92.57113147698612
69.64467856121253,92.5364307816551
69.57167643573027,92.46705491536751
69.53525887584026,92.43238653449869
69.49889890963648,92.39773548332376
69.46259786246476,92.3631047591278
69.3540587097438,92.25936330274125
69.31800305981906,92.22484206911065
69.24608147902137,92.15590326391197
69.21021639549963,92.12149007545284
69.17441538997011,92.08711715956382
69.13867855403227,92.05278641381753
69.10300584541542,92.01849962528259
69.03185203538933,91.95006446918461
68.960951202927,91.8818236397465
68.92559438958982,91.84777921734802
68.85506459312403,91.77984748366791
68.8198900040361,91.74596182681046
68.78477436864829,91.71213057952967
68.74971667783872,91.67835425749828
68.7147158341771,91.64463326830246
68.61004223012856,91.54380473560622
68.57525625870556,91.51030698188481
68.54052058027187,91.47686493616158
68.50583370611429,91.44347835258655
68.47119412597644,91.41014685589415
68.40205050522276,91.34364722577425
68.33307662565241,91.27736136899037
68.29864915631417,91.24429671079307
68.22990457303898,91.17831945446937
68.19558399189232,91.14540482504674
68.16129553443628,91.11253808308774
68.12703745689147,91.0797180400008
68.05860544685238,91.01421303732481
68.02442802374422,90.98152545044803
67.99027400099025,90.94887932309177
67.92202938738826,90.88370565017172
67.88793544708628,90.85117513749387
67.81979608007633,90.78621916377006
67.78574749018514,90.75379055713104
67.75171091362454,90.72139273990439
67.71768483193716,90.68902412619377
67.68366777155572,90.656683115304
67.58165654540868,90.55980970461206
67.54766161272396,90.52756312121883
67.47967736984349,90.4631272345798
67.44568573269808,90.43093475067057
67.41169291090179,90.39875718653886
67.37769785244514,90.3665930095955
67.34369954696426,90.33444071910799
67.27568938303048,90.27016594718695
67.20765523044035,90.20592153271289
67.13959078907757,90.14169655936435
67.10554546618742,90.10958809902165
67.07149056938421,90.07748066565667
67.03742554712561,90.04537304815078
66.93516475146788,89.94903778822031
66.90105448610653,89.91691834466317
66.83279699675802,89.85266185483916
66.79864923353934,89.82052298673116
66.73031463126351,89.75621980144132
66.69612752552854,89.72405391418215
66.66192708854996,89.6918775443247
66.59348612208557,89.62749071303999
66.52499179775755,89.56305457732142
66.45644474881546,89.49856510761731
66.42215179371223,89.46629930279731
66.3878461350951,89.43401895785026
66.35352797312936,89.40172377851117
66.28485507349464,89.33708793872222
66.21613515995664,89.27239026540539
66.18175832531472,89.24001792275637
66.11297255479002,89.1752259250323
66.0441463610156,89.11037086110393
66.00971903487601,89.07791982120817
65.975282748616,89.04545323823254
65.94083789112116,89.01297126256395
65.87192405361976,88.94796186774407
65.83745587104796,88.91543489009723
65.80298071806853,88.88289339054036
65.73401115196313,88.81776792006542
65.6650185704187,88.75258791505374
65.63051464398413,88.71997830361765
65.59600615408027,88.68735609205
65.56149347403084,88.6547216651156
65.52697697029878,88.62207541756992
65.42340801230897,88.52406986493828
65.35434913470763,88.45868139275849
65.31981676609735,88.42597300424063
65.28528284106807,88.39325574482068
65.25074762556223,88.36053005212214
65.21621137130954,88.32779636163919
65.18167431544707,88.29505510544935
65.11259865934959,88.229551613643
65.0435222140783,88.1640229585048
65.00898412333794,88.13125020769998
64.9399089071347,88.06568981883368
64.90537201497747,88.032902931159
64.87083572057807,88.00011207044898
64.83630010015489,87.96731758149744
64.80176521143775,87.93451979835136
64.69816523077671,87.83610986010098
64.62910249860413,87.77049233625957
64.5945722502215,87.73768108622214
64.56004269625718,87.70486847813632
64.52551377010258,87.67205472901408
64.49098539304187,87.63924003817702
64.45645747475524,87.60642458714446
64.35287537242738,87.50797525578834
64.28382072668423,87.44234117195836
64.24929300463887,87.4095240560898
64.21476480709363,87.37670697838847
64.18023597001452,87.34388998128254
64.11117567130458,87.2782563354471
64.04211060870439,87.2126232077581
63.97303922401922,87.14699042732192
63.93850066249129,87.11417404697718
63.90395992268071,87.08135757632137
63.8694167942682,87.0485409362759
63.80032253419161,86.98290676371053
63.765770984467814,86.95008901005671
63.69665800220715,86.88445154152848
63.627530493374614,86.8188104901018
63.592960793589995,86.78598822798511
63.55838687827338,86.75316457648023
63.52380855431455,86.72033936309182
63.48922563465467,86.68751240794914
63.454637938156445,86.65468352505144
63.3508444531526,86.55618339278631
63.31623593830488,86.52334487224746
63.24700197032258,86.4576589027212
63.212376236589165,86.42481104689045
63.143106618410386,86.35910457974582
63.1084625031932,86.32624555775195
63.07381204379691,86.29338240458948
63.00449169022572,86.22764293206193
62.969821617780795,86.19476623066197
62.90046129586331,86.12899796993352
62.8657709282834,86.09610603967172
62.831073692554824,86.06320866849903
62.796369543410115,86.03030569002479
62.76165844537548,85.99739694153016
62.7269403719681,85.9644822650396
62.6922153035451,85.93156150975639
62.58799802189112,85.83276138659456
62.553244912217956,85.79981495745537
62.48371776386653,85.73390180555536
62.44894379014086,85.70093486150913
62.41416292741556,85.66796088098174
62.37937522091619,85.6349797755328
62.30977946778199,85.56899589441663
62.240156957300805,85.50298271556474
62.170508224533584,85.43693983141529
62.135674212844556,85.40390715501762
62.10083388474196,85.37086694796469
62.06598732536011,85.33781919364324
62.03113461820705,85.30476388780957
61.996275852336055,85.27170103063303
61.92654051211644,85.20555269918337
61.856782063120754,85.13937433866843
61.78700131872403,85.07316616287093
61.75210284118938,85.04005099161193
61.71719910487102,85.00692848727144
61.68229021193381,84.97379870547513
61.61245736555048,84.9075175556318
61.57753361547321,84.8743663225426
61.50767195956808,84.80804291425873
61.43779208698996,84.74169211924374
61.40284556531049,84.70850666018246
61.367894784603614,84.67531460658594
61.33293983432251,84.64211605313876
61.29798080247557,84.60891109580014
61.228050829695,84.54248236653642
61.15810550778663,84.47602923008769
61.12312727955797,84.44279376678782
61.05316005800492,84.37630555066659
61.01817120267922,84.34305299870637
60.98317893148677,84.30979495725937
60.91318437452167,84.24326280932732
60.84317680356155,84.17670991978713
60.808168250667556,84.14342594772158
60.77315657251289,84.11013708825632
60.703123989163714,84.043545077102
60.66810314313793,84.01024211191725
60.59805246935595,83.94362270604027
60.527989951156655,83.87698589330039
60.492954290254964,83.84366115611186
60.42287422322504,83.77699938121957
60.38782982305079,83.74366248735929
60.352782510004054,83.71032168073064
60.31773228362913,83.67697702133768
60.24762307121321,83.61027637255606
60.17750210817305,83.54356097811343
60.142437189327,83.51019786929714
60.107369290834995,83.47683120967793
60.07229839670598,83.44346103509643
60.00214753730621,83.37671027965709
59.96706752318127,83.34332976271631
59.89689820526492,83.27655857350517
59.82671632305551,83.20977397461448
59.79162060096372,83.17637668312665
59.75652165188634,83.14297607843692
59.686313958482685,83.07616494879974
59.651205150486156,83.04275443275024
59.61609299281371,83.00934061691383
59.54585850962475,82.94250306653794
59.47561026099968,82.87565224952831
59.44048090279401,82.8422218375328
59.37021157616836,82.77535093679793
59.3350715546672,82.74191041328471
59.29992792392797,82.70846648527824
59.229629740442704,82.64156832897258
59.159316832646915,82.57465629943233
59.08898903497553,82.50773020487378
59.0538195087017,82.47426181794498
59.01864621292533,82.44078983271085
58.948288252627556,82.37383496615855
58.91310356433845,82.34035203131508
58.87791505987548,82.30686539051086
58.842722730276485,82.27337501828765
58.807526569267466,82.23988088835841
58.737122738224876,82.17288125008889
58.4201156856629,81.87119060589043
58.3848735744336,81.83764965148869
58.34962766889774,81.80410469615
58.27912458788124,81.73700268061344
58.24386744758153,81.70344559851907
58.208606592172956,81.6698844623691
58.17334203898803,81.63631926815329
58.06752637009765,81.53559933173673
58.03224721049364,81.50201790486518
57.99696445367544,81.46843242364783
57.96167812915989,81.43484288630172
57.89109489072544,81.36765165198804
57.820497718336036,81.30044424537493
57.78519398250481,81.26683449386825
57.71457636918268,81.19960293708414
57.679262557871255,81.16598115077544
57.643945452525195,81.13235537628543
57.60862508766954,81.09872562541722
57.50264476471915,80.99781266935578
57.467311690850295,80.9641671731572
57.43197552681819,80.9305177809688
57.396636305427805,80.89686451280177
57.325948821118864,80.82954643256413
57.29060062254115,80.79588166480633
57.255249494126886,80.76221311069996
57.184538577093996,80.6948647349753
57.11381631156545,80.62750150724972
57.07845099738927,80.59381438812807
57.043082933241685,80.56012363480639
57.00771214794344,80.52642927325516
56.4060126037096,79.9531032204968
56.370595954304726,79.91934943207931
56.29975527738564,79.85183298198031
56.22890486108125,79.78430483435552
56.193476001930954,79.75053645563915
56.15804470608953,79.7167652510943
56.12261097106733,79.68299125246612
56.0871747977249,79.64921448656546
56.051736187663806,79.61543497802856
56.01629514338953,79.58165274917816
55.90995743638636,79.48028993786453
55.87450668962915,79.44649701513116
55.83905352904452,79.4127014562344
55.8035979630662,79.37890326987106
55.76813999892109,79.34510246489717
55.697216899979665,79.27749303455664
55.62628427768652,79.2098732285126
55.590814412219,79.17605944743909
55.555342185450314,79.14224308694646
55.484390676204754,79.0746026372211
55.4489114060528,79.04077855280704
55.41342979909513,79.00695189887324
55.377945862070476,78.97312267565941
55.34245960118504,78.9392908834269
55.27148012872637,78.87161959468696
55.20049142042902,78.8039380374192
55.16499361470877,78.77009340833119
55.093991130889755,78.70239644019344
55.05848646503524,78.6685440970518
54.9874703086574,78.60083168930801
54.951958828672026,78.56697162193117
54.88092908740374,78.49924375762922
54.84541083676383,78.46537595812154
54.80989033848328,78.43150558034104
54.774367598432306,78.39763262281288
54.73884262205328,78.36375708472961
54.66778598094551,78.2959982661433
54.6322543250187,78.26211498758643
54.59672045164435,78.22822913109289
54.56118436644114,78.19434069723452
54.4901055866055,78.12655609794571
54.41901802804597,78.05876120502349
54.383470971738355,78.02485990340216
54.3479217403457,77.9909560335756
54.312370339094514,77.95704959963898
54.276816773651205,77.92314060572342
54.205693612994494,77.85533627107849
54.13446783912072,77.78773194858287
54.09884163236303,77.75394933720946
54.06321107064398,77.72016989493153
53.991867482100865,77.65277832329897
53.95611557019173,77.61925543250655
53.920340164189234,77.58578022757459
53.88454848270093,77.55233573383393
53.84873782656007,77.51892745439922
53.77702930596873,77.45228726925957
53.70509871264419,77.3861255029861
53.66906654067088,77.35318376025427
53.63299216431262,77.32032827404866
53.56071093853079,77.25488753113963
53.52450142208903,77.22230768952058
53.488244963238635,77.1898234775749
53.45194154811442,77.15743453282388
53.379197430032164,77.09293271280517
53.306282423031064,77.02876888041084
53.26976702729302,76.99679871334027
53.196635162075836,76.93304671236884
53.160025121425896,76.90124984023512
53.12339006403386,76.8694955574056
53.08673330278898,76.83777628369728
53.05005811070195,76.80608458234875
52.976665185190825,76.74275517533839
52.903235855470726,76.6794524419827
52.866514767982764,76.6477951290416
52.79307317056867,76.58443933917475
52.75635767953343,76.55273005042802
52.71964884751464,76.52099314993494
52.68294884078134,76.48922401968629
52.60958347525275,76.42557193635308
52.5362765109072,76.36174259566636
52.49964909752013,76.32975289200743
52.46304104012674,76.29770915025466
52.38988835663113,76.23344893923809
52.353346091741685,76.20122783348236
52.31682790499623,76.16894340890335
52.280334737292044,76.13659391743487
52.20742664350722,76.07169394992776
52.13457128846683,76.0066400058223
52.098153808257216,75.97407741077758
52.06176064142108,75.9414540008583
52.02539354995782,75.90876652698674
51.98905111156019,75.87601864299687
51.95273083479549,75.84321624806115
51.84375766123861,75.74480587001715
51.807391165679334,75.71208825441104
51.36749683033037,75.32709311992649
51.330326333921846,75.29607923571771
51.255737967603494,75.23464083462488
51.218314990021604,75.20418204778711
51.180799552626226,75.17390130048855
51.14318621440212,75.14380971410255
51.105471231726995,75.11391675568778
50.99172030771579,75.02543515160576
50.915425002342566,74.96735421265477
50.87715924124452,74.93854039690572
50.83882518762277,74.90985393666415
50.800430738446124,74.88127679005315
50.76198370905315,74.85279118295873
50.723491734338786,74.82437987221668
50.646402209261396,74.7677147512726
50.56921758384303,74.71115892435023
50.53060555742736,74.68288739253987
50.45337106507836,74.62629529754321
50.41475923811259,74.59795241997726
50.37615754509628,74.5695647668954
50.3375705485608,74.54112302210358
50.26045735679978,74.48404346766509
50.22192916164206,74.45541137469407
50.14488080667617,74.39807441202043
50.10639792676868,74.36929062355196
50.06795081216185,74.34041343490767
50.02954065360006,74.31144151991666
49.95276530885697,74.25336212533654
49.87596796578163,74.19528965412496
49.837564313881295,74.16625383525493
49.79915146653209,74.13723423561817
49.760748784391566,74.10818892512927
49.683926287830225,74.05013238787349
49.645483735091524,74.02117436950562
49.607005037438704,73.99229888395993
49.491351249396544,73.9061685689989
49.45270762510072,73.87766814972328
49.41399634722074,73.84932296954075
49.336372944976496,73.79308818375569
49.29744913884211,73.76522449721168
49.219354477547995,73.71005390041469
49.18017404761342,73.68276917165181
49.10152801478948,73.62884149663319
49.062062966874,73.60219455180464
49.02251691978165,73.57572236023368
48.98289646697075,73.54940802726225
48.86344591713956,73.47177800053123
48.82345072317971,73.4463773202828
48.783493372265916,73.42124732818897
48.74357716007856,73.39638063339981
48.703615799733385,73.37168996549431
48.663577867652144,73.34716689346939
48.58327012894158,73.2987168115592
48.50280246841817,73.2509683874189
48.4625450005224,73.22735374768037
48.42229310157922,73.20388898617651
48.38203203429949,73.18061812237613
48.30156852217966,73.1344680495424
48.221142290595715,73.08890541943272
48.14069045514856,73.04398554238722
48.10046207585924,73.02171333674181
48.06021325239115,72.99959162227631
48.01994088362251,72.9776148803073
47.97966163594737,72.95572748960471
47.898990832269995,72.91237740912824
47.81817679545957,72.86947747219449
47.7777135957602,72.84816228158346
47.73721089303627,72.8269213969203
47.65601918843644,72.78478080438214
47.57462854525017,72.74291437999949
47.53381505864721,72.72217116862859
47.45192574732013,72.68107569208397
47.4108498761984,72.6607079939652
47.36967953693138,72.64046932601829
47.24566745820106,72.58032312280874
47.2041691505955,72.56043722838444
47.16260506185503,72.54058987280307
47.07922185895221,72.50114568322658
47.037388558596355,72.48158150146354
46.99545082787361,72.46214606101132
46.911315244243845,72.42352775921061
46.826875597054155,72.38514173663059
46.78453125777148,72.36606486615986
46.742119164410774,72.34702959989924
46.699640216130206,72.32803581712497
46.61444841359854,72.29026496448314
45.92840671541984,71.98518348848448
45.88562425213644,71.9652727040516
45.84285207339995,71.94527845082527
45.80009364644066,71.92519795335566
45.71468252005867,71.88465144432263
45.629396808689066,71.84364221769854
45.58680527053184,71.82296504896857
45.54423895445966,71.80219823190001
45.501716471854884,71.78130356460801
45.41676240415527,71.73923478502171
45.33192860719955,71.69681265824748
45.289539643899765,71.67551415325165
45.2471716566856,71.65415501992122
45.204798182274466,71.63279907564596
45.07774939032693,71.56852902662456
45.03541443055493,71.54706786614118
44.95076951836574,71.50409512205081
44.90846137186994,71.48258427474151
44.86617258224112,71.46103736660888
44.781611862120975,71.41794224880002
44.69712521069019,71.37474162498451
44.61267118424821,71.33155315265444
44.5704348932015,71.31001947632
44.528227688934386,71.28844673747977
44.486052958960315,71.26682993422828
44.40175321873593,71.22358539113083
44.3175538104824,71.18026154592073
44.27548682036553,71.15858645815203
44.23344966194704,71.13688603770754
44.1914187733752,71.11521770029253
44.10739280084546,71.07194382751682
44.02336968629706,71.02886824554228
43.98137323717959,71.00737519101833
43.93940772033359,70.98586380817687
43.897471756308256,70.96433869240593
43.81362384476835,70.92140567880514
43.729754757115636,70.87876114393636
43.687822865718346,70.85752243716465
43.64587612297366,70.83638009032623
43.60391406203454,70.81533544985518
43.51998952448394,70.77342898943273
43.478032585246794,70.75255273559407
43.394116790321206,70.71098321753554
43.3101904537919,70.66967411847516
43.268206188931586,70.6491585834152
43.268206188931586,70.6491585834152
43.14223917706271,70.58798882565993
43.05825245155222,70.54751075736331
43.01624875740287,70.52737917506597
42.97425750814431,70.50727112217062
42.93228094288552,70.48718073809408
42.89029859668493,70.46715653647131
42.806343400312464,70.4272376601393
42.72236701025902,70.38756657306017
42.68037788064149,70.36780599964968
42.638381818391984,70.34811026883955
42.59640166424597,70.32842295234815
42.51246562897225,70.2891258318382
42.4285896023021,70.24985563669101
42.38666453043513,70.23025113265328
42.302833066408695,70.19111675078301
42.26092537520501,70.17158799882428
42.17712726214093,70.13260002527045
42.135239344308076,70.11313238546434
42.051493212545815,70.07422685539996
42.009639433511055,70.05477585251319
41.96780904168436,70.03529948595285
41.88417045534889,69.99638070191979
41.80053190351768,69.95756961510136
41.75872979182545,69.93816133350629
41.71692474875946,69.91878465930132
41.633331178562514,69.88006415762933
41.59153938656348,69.86072787977376
41.549740819426766,69.84143163257848
41.46616454534774,69.80285318795947
41.424390306600614,69.78355942179651
41.34085227849491,69.74499892238072
41.29908237997094,69.72574545157805
41.215532793008784,69.68730932239866
41.17375201055937,69.66812794626983
41.13197534189491,69.64895050197079
41.04839325322306,69.61070522658656
41.00661514325402,69.59156940083308
40.96482499561409,69.57247439761652
40.88129120935184,69.53420297366034
40.79777924333942,69.49591671265058
40.052097315403195,69.13832556490873
40.011265046010834,69.11707660148006
39.97048129932873,69.09570593821395
39.929746453378264,69.07421326210076
39.84848245986373,69.03073118614877
39.76746903542029,68.98664277079139
39.7270559816677,68.96437620893663
39.68669403037756,68.94198962567022
39.64640011548836,68.91944444281238
39.56591381783127,68.87411979873204
39.52573131678032,68.85131637831694
39.44544146230716,68.80553350211629
39.405308331368815,68.78261489006854
39.3651663790151,68.75971783320831
39.28493385669111,68.71379263171016
39.20468093368,68.66790475393273
39.16451658012693,68.64504876376576
39.124313975717435,68.62228304064249
39.084094930821834,68.59955268843284
39.00352985117503,68.55439284355423
38.92283885165395,68.5095215921961
38.88245783414011,68.48716288408505
38.842058485077615,68.46484185823239
38.80161514552697,68.44262433336128
38.72065948872425,68.3983381839986
37.982957818525115,68.02171078044245
37.89951683156008,67.98347867308193
37.85766752319706,67.96466729884482
37.8157140631871,67.94611160032203
37.77365291096203,67.9278206465445
37.731501123357134,67.90974419173776
37.60439546907865,67.85710715656487
37.519128749493184,67.82331127508732
37.47635337054758,67.80675561412458
37.4334729942495,67.79045820957386
37.34743088878458,67.75854821130028
37.26102755740877,67.72752134714256
37.26102755740877,67.72752134714256
37.21771257097666,67.71228144600981
37.17432103997702,67.69722879459496
36.563104906327695,67.49553644876492
36.51945938046657,67.48110268797451
36.43224955896487,67.45203460157677
36.3887031780072,67.43735693573986
36.34521361465603,67.42254092777176
36.30176196675529,67.4076320261625
36.258377787830725,67.3925608700235
36.171798101429815,67.36196646121026
36.08542859682035,67.33087424314512
36.042299092934435,67.31520006929922
35.99923159430358,67.29938122461033
35.91320525890194,67.26750291493875
35.82736425946338,67.23521441475202
35.78451980582599,67.21890204860111
35.74172584136271,67.20247787277015
35.6989521135426,67.18601756581562
35.61346400765478,67.15299299472981
35.52798668837849,67.12000289739863
35.48524951269289,67.10352769351974
35.39977869352641,67.07061518791346
35.3144088771932,67.03750348882821
35.27171447986266,67.0209944067994
35.22899419921046,67.00456636491826
35.18628062915784,66.9881349083308
35.058095567849016,66.93903937707671
35.015347693007804,66.9227518528035
34.972620071493694,66.9064249313099
34.92990633635144,66.89007544263349
34.88717973977229,66.87377228922003
34.80177174537371,66.84109013096727
34.716399258923346,66.80837284373081
34.67368671974808,66.79210041973947
34.63099514386082,66.77578735083452
34.50310671802281,66.72645309872821
34.46052794136642,66.70990581267918
34.37560157852588,66.67658571341954
34.33326408375075,66.65980014515854
34.24886514778385,66.62597032388555
34.164968704191956,66.59187693833405
34.12320854560775,66.5746923194508
34.08155447015322,66.55736854870607
34.04000869397839,66.53988471957705
33.95728860588857,66.5044398840642
33.87508225021843,66.46854229488038
33.83422316596105,66.45034441697298
33.793529724785756,66.43198291494004
33.672275697372626,66.37636020927968
33.59248810932256,66.33869716351066
33.5529125553407,66.31965355606502
33.5135654958491,66.30050344987824
33.47443773497694,66.28125032055708
33.43548702469342,66.26185857151843
33.35824448833398,66.22282605317915
33.28184229649432,66.18342774551806
33.244010037421575,66.16364600348737
33.20637347304113,66.1437807941352
33.1688931772615,66.12391011868623
33.057502767736366,66.06419786715102
32.98427021899129,66.02414547862746
32.94794688368679,66.00409899393497
32.911824060096066,65.98400762194308
32.840099108222915,65.94377456688206
32.76897996850926,65.90346423097449
32.73358285802302,65.88334167974456
32.698262088473925,65.86327034768777
32.627851630680375,65.82312312855511
32.557695043237324,65.78285046999427
32.52265874906361,65.76270524574646
32.48764904684232,65.74251600826655
32.45268016576773,65.72227844663465
32.382926095297364,65.68174150329354
32.31314287183049,65.64106502873462
32.27820630806458,65.62067608364906
32.243247636812406,65.60022682839451
32.20824216193577,65.5797715468712
32.138108541416166,65.53878590769943
32.06775840940094,65.49779862090037
32.03250207203806,65.47728808634524
31.997181005604993,65.45678311732887
31.961813863236653,65.43622624396227
31.890881982686903,65.39505288659788
31.81959638242359,65.35394978398949
31.783817172399925,65.33340997065692
31.74792061793196,65.31293163324305
31.711901903846066,65.29252031750818
31.639517022209475,65.25181587536298
31.56659095378988,65.21142738664317
31.529913565710302,65.1913668834387
31.493079839216765,65.17142544151051
31.45610745201122,65.15155078818657
31.381714662752756,65.1120737360829
31.34431371871699,65.09241387734869
31.30675165051342,65.07287328689894
31.269040081356046,65.05341977966128
31.23116312605563,65.03409658301234
31.193137180023,65.01485969810538
31.116571486521703,64.97682940164044
31.03939110830589,64.93921246104696
31.0005959509437,64.92049718511211
30.961676041352636,64.90181662114394
30.8834241948533,64.8646761602857
30.804677144740445,64.82771537874224
30.765115398927193,64.80932044571665
30.725412933854088,64.79102702494954
30.68557516929585,64.7728266285791
30.605562415320193,64.73655215088674
30.52508444782703,64.70052041652595
30.48469107539817,64.68255906596879
30.44421974469554,64.66457875300108
30.363027352268823,64.62862603447316
30.281519030505205,64.59268085812812
30.240626265933717,64.57477637794707
30.199632484959587,64.55694828615052
30.158566359896657,64.5391314401968
30.076218488217048,64.50355314255903
29.9936580997873,64.46790144742397
29.952303224086062,64.45005124075077
29.86945849407584,64.41429361547175
29.786470605809352,64.37841002085224
29.74491791250613,64.36044659340465
29.703350263773256,64.34241804392494
29.661771697750098,64.3243192759948
29.57854116175468,64.28802782941997
29.536896361517496,64.2698279689849
29.495260531501483,64.25153101515994
29.453637879541887,64.23313069198493
29.411995251118512,64.21470942634352
29.32867661681209,64.17776080674149
29.24536848131028,64.14056841544779
29.203708092459447,64.1219153918913
29.162034386248948,64.10325090007738
29.12037246194494,64.08451903060684
29.03706121281485,64.0469223912117
28.953803171476736,64.00908543520063
28.91218597114707,63.990104660451664
28.82897138294917,63.95204139941881
28.78737409510872,63.93296408596678
28.74579300487556,63.913836346930616
28.704204068694157,63.89471870205019
28.621028160182153,63.8564618875893
28.537815414909673,63.818286818710874
28.49620305534073,63.79921715906601
28.454580226922545,63.78017777913115
28.412972104367203,63.76110934879498
28.329776103041997,63.722950392824835
28.246640835005852,63.684691029307835
28.246640835005852,63.684691029307835
28.205076566401846,63.665575288226904
28.080263885412364,63.60862548550146
28.080263885412364,63.60862548550146
27.99696348916154,63.57098050454026
27.955299237006326,63.552223307354204
27.87193087244179,63.51487280449628
27.83021197033576,63.49631768270379
27.746689886838872,63.45948606101994
27.663033264264318,63.42308410489078
27.663033264264318,63.42308410489078
27.621164823183374,63.40501759844529
27.579250182122514,63.38709106778218
27.495298466150444,63.35161460315478
27.411205242060387,63.31658106404702
27.36908766082644,63.29927625479566
27.326910896338813,63.28214301500371
27.284697492170924,63.26512187418651
27.24243270008671,63.24825134061567
27.20013286987684,63.23148813365008
27.115347325088244,63.198495244414495
27.03036748754294,63.16607020567865
26.987825250379547,63.15001594526918
26.9452577108816,63.13404221347416
26.90264135855821,63.11821114546596
26.859990970300885,63.10248396184992
26.817291597684584,63.08689976605877
26.68906119506759,63.040586356235984
26.646276854693134,63.02528785545898
26.603485405189417,63.0100251824201
26.560666691478538,62.9948494463413
26.47498384588132,62.964664740786844
26.389221499167157,62.93474702022241
26.346322858775718,62.9198569945525
26.30340688605658,62.90502736312343
26.217578229214638,62.87541065150359
25.482935008374948,62.63926851064859
24.777579869279347,62.45509314393574
24.733398519970695,62.44399297136451
24.689248952743174,62.432827195860476
24.64511276789794,62.42159604884817
24.60101370713603,62.41027417463463
24.55694039452023,62.3989052588695
24.468980703787107,62.37578106694655
24.381237820279633,62.35222365404295
24.337470564601745,62.340223795654786
24.293746361752106,62.328138627708896
24.293746361752106,62.328138627708896
24.206453512591587,62.30364337545238
24.119401026800034,62.27862609222071
24.032543556835243,62.25318905447632
23.989161379144132,62.240376011380924
23.94579913557343,62.227526949869315
23.859191683597047,62.201577743218294
23.815954443755974,62.1884561284275
23.772765353717155,62.175225454319566
22.949086376740247,61.9337114335678
22.905190627352386,61.9224587104348
22.905190627352386,61.9224587104348
22.817166380225974,61.90053796175492
22.728853349777257,61.87934109780624
22.684572015295736,61.86906300000335
22.595763853281497,61.849134778290534
22.50669919437278,61.82984413315348
22.50669919437278,61.82984413315348
22.37256900976158,61.802279485928395
22.327740790250957,61.79339422312004
22.28285210068065,61.78466564192525
22.237910185546802,61.77607497839577
22.192944952115315,61.76754237938803
22.102889097483583,61.7508084207184
22.012744403131595,61.73431317874777
21.967628725755773,61.72618566926172
21.877387358579075,61.70997165224371
21.787193662587057,61.69366134190731
21.742103811504222,61.68550334845894
21.69704000896346,61.67729006090002
21.606974151511103,61.660746103889856
21.606974151511103,61.660746103889856
21.51697764948458,61.64408239540679
21.471995003029924,61.635731797086926
21.427057950729143,61.627281087192806
21.33732094292597,61.61008216146486
21.24783901474608,61.59230809584503
21.24783901474608,61.59230809584503
21.203184631954947,61.58322924396319
21.113986646431957,61.56484196854006
21.02508382518187,61.54578738458974
20.98077017717391,61.53594309177139
20.8923539879571,61.515780323093914
20.8923539879571,61.515780323093914
20.804324322196077,61.494729790492684
20.76042539049354,61.48394044008237
20.71661555692454,61.4729453403104
20.672869137533244,61.461804674039314
20.58560754732737,61.43899058805962
20.498723412410353,61.41530270642723
20.455452516866455,61.40305901199194
20.455452516866455,61.40305901199194
20.412267459853847,61.39061704398263
20.28341321951776,61.35165177704107
20.240706673799046,61.338088723998624
20.198120878905577,61.32424253536617
20.113312976055663,61.29569603248657
20.029007163999555,61.265964937262204
19.987053195989773,61.25063244063436
19.903569968489023,61.21896643085267
19.82068890647895,61.185863409387636
19.77948681730059,61.16873745776001
19.738449724658263,61.15121166703872
19.656886392643354,61.11491645376121
19.616367232556108,61.096130505888816
19.576027190493125,61.07690972298666
19.535868895381583,61.05724710821901
19.495894539872136,61.037136183470686
19.416504170491553,60.99554730312421
19.337865098243856,60.95210732490091
19.298828487147446,60.929685768605424
19.25998060178417,60.90679415927462
19.182849690621484,60.85959850290942
19.106465299711576,60.810524514272714
18.69898275773246,60.508305084493365
18.662914560338002,60.47828973024857
18.62699325508208,60.44788536456942
18.555581920026043,60.38594188930707
18.484719660895664,60.3225485001677
18.44948404320505,60.290332693077104
18.379383465672138,60.22491259037071
18.379383465672138,60.22491259037071
18.30975153677348,60.15824043922667
18.275102111409268,60.12445946811002
18.240559047489228,60.09039491247891
18.20611902125675,60.05605641877606
18.1375350980625,59.98659596808469
18.069325338172288,59.91615392377675
18.00146603272317,59.84480461580649
17.967660712193904,59.808812508029725
17.933934601626824,59.77262070425645
17.866709289562607,59.699673126434455
17.79976929408992,59.6260307361279
17.73309448278024,59.551760311522365
17.699850444872578,59.5144098133713
17.63353737034029,59.43931734783004
17.567442392986706,59.36375329097785
17.567442392986706,59.36375329097785
17.534471150614515,59.32581267919096
17.46867042385715,59.24964936396706
17.403045008077118,59.17315458680725
17.370292908753882,59.13479912212428
17.33757858781749,59.09637988157751
17.272255545732573,59.01937392005593
17.207061070161956,58.942182405739274
17.174507596550114,58.903530569850695
17.141980901681897,58.86484828756323
17.07700083860069,58.78741218769456
17.012107724022595,58.709911560832815
16.947289037140724,58.632381089249854
16.914903651760724,58.59361493567429
16.882532265381858,58.55485325994732
16.817825608442597,58.47735778398129
16.75315798191446,58.39992164452119
16.72083548789295,58.36123356950571
16.68851874057816,58.322569396626214
16.65620653633231,58.28393177098863
16.623897683637225,58.245323206704754
16.55928549916144,58.16820251908304
16.462365008950076,58.05279339543325
16.43005350120384,58.01440346093077
16.365417638260304,57.93775257837716
16.300758527333244,57.861282331112655
16.268418224750913,57.823117580341936
15.586737927483329,57.032858143853105
15.554145409747566,56.9957136943156
15.488926212058518,56.92153231279886
15.456300071085195,56.884492495558554
15.423663467660115,56.84748446717868
15.391016866013485,56.810506588188986
15.325695321174313,56.73663488871552
15.260338356954541,56.662864965701274
15.227647318885245,56.62601446532418
15.162241347591019,56.55237524880451
15.096804932595024,56.4788092076177
15.064075810311627,56.44205025797121
15.031339666725229,56.40530560482841
14.965847047745466,56.33185409152093
14.90032856168291,56.25844469471878
14.867560083759827,56.221752786674415
14.802005603688071,56.148388784130475
14.769219986086533,56.11171447058791
14.73642904468159,56.07504385329622
14.703632978147148,56.03837590087516
14.638026273830645,55.965044034220696
14.572401495903168,55.89171131069545
14.53958284297804,55.85504242264245
14.473934039128668,55.78169551603329
14.40827127203568,55.7083314554256
14.375435163450055,55.6716412724168
14.342596173125516,55.63494481875673
14.276910347046528,55.56153082985009
14.211215342044705,55.4880853781161
14.145512657552826,55.41460499985321
14.112658887964834,55.37785080620141
14.079803735168484,55.34108686960334
14.014089931582308,55.26752880297287
13.948372494451801,55.19392925281331
13.948372494451801,55.19392925281331
13.915512779550092,55.15711359965333
13.849792043613467,55.08345020024848
13.784070365443661,55.00974399562124
13.751209446401454,54.972874958815325
13.71834860971824,54.93599542018886
13.652627545446201,54.86220537718696
13.58690779905543,54.78837523898507
13.521189866214321,54.71450679385128
13.48833170525209,54.677558862355525
13.422617174619257,54.603637076554314
13.356905171290055,54.52968294134174
13.356905171290055,54.52968294134174
13.324050142329709,54.49269463079427
13.258342019076123,54.41869741310347
13.192636382659717,54.344675372781154
13.159784438475075,54.30765606360135
13.126933032423214,54.270631785022196
13.061231662714864,54.1965700152611
12.995531885704807,54.12249346162373
12.962682449466215,54.08545070434993
12.896984151533333,54.011358336475425
12.864135141911417,53.97430955982198
12.83128611931372,53.93725960221298
12.798437004247095,53.900208862011034
12.765587713047962,53.86315773056468
12.699888257806549,53.78905581043632
12.63418704565643,53.714956768374606
12.60133555118254,53.67790919188969
12.535630293265912,53.60381956774712
12.469921359487515,53.52973932899621
12.437065269253406,53.4927034297048
12.371349359051228,53.418641334686875
12.305627843594966,53.34459367410727
12.27276474387507,53.30757576323597
12.239899951736996,53.27056204113485
12.207033379428744,53.23355266138731
12.141294547114889,53.15954746569408
12.075547584760578,53.085561075223076
12.0426708493593,53.04857514920798
12.009791841337236,53.01159415185991
11.976910482464907,52.974618129229974
11.878251623218667,52.86372008622946
11.84536020519413,52.82676405919859
11.812466127651506,52.78981297930487
11.746669758643264,52.71592548431025
11.680862138693662,52.64205706777598
11.647954008803818,52.60512979245814
11.61504295451874,52.56820699643405
11.549211948487784,52.4943743631051
11.549211948487784,52.4943743631051
11.483368932103401,52.420558093444896
11.417513789437411,52.346756961923276
11.384581656133504,52.30986165173233
11.351646474675713,52.272969612996974
11.285766964457915,52.199194622660926
11.21987531642982,52.12543046462758
11.153971648830568,52.05167554667143
11.121015350124177,52.01480105129899
11.05509394421247,51.94105696252087
10.989160993923152,51.86731803211469
10.95619027234322,51.830449988305396
10.923216769273253,51.79358262042563
10.85726157236357,51.71984911668099
10.791295744062339,51.64611594500828
10.791295744062339,51.64611594500828
10.725319645295743,51.57238159174804
10.659333658017543,51.49864461369902
10.626337083739687,51.4617747083786
10.560337024598256,51.38803126093241
10.494328092586944,51.31428196370824
10.461320431120537,51.27740476845324
10.395298981683124,51.20364463945105
10.329269711640672,51.129876085740925
10.263233036577322,51.05609828089545
10.197189360763142,50.98231052192425
10.131139072117808,50.90851223192649
10.098111565003714,50.871608991048895
10.065082544354098,50.83470295523224
9.999020134399464,50.760882355709796
9.93295217511016,50.687050218324174
9.899916212414876,50.65012978697778
9.866878976832215,50.61320644195183
9.833840502321149,50.57628018851183
9.767759965700366,50.502419008211845
9.701674848256413,50.42854640729499
9.668630641489958,50.39160589967284
9.635585368150068,50.35466263994793
9.569491704968298,50.280768054924465
9.503394015863815,50.206863072642804
9.437292427747375,50.13294818351729
9.40424020309868,50.095987194001395
9.371187038457819,50.05902393818759
9.305077916266077,49.98509093930308
9.23896510611141,49.911149827432496
9.205907323799558,49.87417643933897
9.139789002681837,49.80022443264657
9.073666984891764,49.726266043762166
9.040604576954358,49.68928467979362
9.007541224976555,49.652301990991376
9.007541224976555,49.652301990991376
8.94141165657163,49.578332994303224
8.87527820380254,49.50435975887803
8.809140781022549,49.430382969578034
8.776070547740103,49.39339345271867
8.709926957157283,49.31941258738782
8.643779095052224,49.24542979955847
8.610703520899023,49.20843787063413
8.54454900290637,49.13445329032679
8.47838987963623,49.060468176165934
8.445308546899467,49.023475570162134
8.412226010448688,48.986483005468195
8.346057251614743,48.91249820806271
8.346057251614743,48.91249820806271
8.279883464113405,48.83851415891861
8.24679464328511,48.80152251640599
8.180613065767023,48.727540170217935
8.180613065767023,48.727540170217935
8.11442613223366,48.65355927237759
8.081330619961141,48.61656942590427
8.048233725723517,48.57958000560284
7.982035736857613,48.50560250004046
7.915832071241285,48.43162682900707
7.882728079238305,48.39463969397173
7.882728079238305,48.39463969397173
7.8165157201320055,48.32066682540233
7.750297481137064,48.24669577450393
7.7171861448180055,48.209710899005785
7.617843207740881,48.09875867994864
7.551607106949878,48.02479233484406
7.518486807004381,47.98780963019014
7.452241707181936,47.91384501538438
7.385990622393983,47.83988124684537
7.385990622393983,47.83988124684537
7.352862842957294,47.802899595914646
7.2866028327554435,47.72893658112914
7.2203369333049645,47.654973692466434
7.187201794635052,47.6179921967196
7.1209271804956815,47.54402890375742
7.054646845217914,47.47006494121257
7.021504558703957,47.43308260686018
6.955215801324048,47.359117032767124
6.888921546348935,47.28514998512455
6.855772389533033,47.24816581054735
6.78947008565461,47.174195968600664
6.756316965913234,47.137210227996526
6.723162554246712,47.100223892533215
6.690006864802038,47.0632369281329
6.656849912814024,47.02624930101633
6.557371626084433,46.915282132517945
6.524209771935003,46.878291547389914
6.457882517623621,46.80430791969086
6.3915506323879265,46.73032085679601
6.325214234091461,46.65633018757914
6.292044378729551,46.61933345409485
6.258873437370828,46.58233576716478
6.225701424786186,46.545337111901794
6.159354242802821,46.471336845891244
6.09300294540027,46.397332569881904
6.05982578585886,46.36032890954499
5.993468507077468,46.28631852090539
5.9271073599558735,46.212304029065066
5.8939253640082905,46.17529524494617
5.827558578192048,46.10127461586551
5.7611881404949195,46.02724993310265
5.728001578125722,45.99023608671458
5.661625809137001,45.91620542951968
5.661625809137001,45.91620542951968
5.562055650478707,45.80515221154576
5.495671294959661,45.731112060301705
5.4624778630383455,45.69409062566771
5.396088511788446,45.62004512582257
5.329695877337229,45.54599623353663
5.296498339515114,45.50897056077466
5.263299991570302,45.47194409662324
5.263299991570302,45.47194409662324
5.196900878372751,45.39788887140926
5.09729620478502,45.28680058790652
5.064093054516316,45.249769787701645
5.030889109865288,45.21273833550424
4.964478835927315,45.13867356036542
4.89806538545821,45.064606424409796
4.864857469974646,45.027572019782994
4.798439254124321,44.95350163606975
4.732017853628768,44.87942927785378
4.6655932648499405,44.80535508503968
4.632379770092101,44.76831734499229
4.565950368978834,44.69424066196292
4.532734460139622,44.65720174910079
4.49951774304121,44.620162475278484
4.466300216513633,44.583122853811496
4.399862730098501,44.50904261811786
4.333421989628425,44.434961136417975
4.300200393459877,44.397919956686124
4.266977977549273,44.360878497604915
4.266977977549273,44.360878497604915
4.20053067716868,44.28679477879398
4.100853535882614,44.17566730774477
4.06762616858559,44.13862433490845
4.034397972996663,44.10158112864469
3.967939088928826,44.02749403432171
3.901476879287222,43.95340604573802
3.8682445268443386,43.91636171956097
3.835011342990968,43.87931717241884
3.735306804266388,43.76818220050371
3.702070299510494,43.731136759629564
3.6355948096374853,43.657045186011736
3.569116017715782,43.582952669909076
3.502633938109131,43.508859176042556
3.4693916705999284,43.47181204977433
3.436148588003611,43.43476466291071
3.3364144760806527,43.323620877475946
3.3364144760806527,43.323620877475946
3.2699210480948993,43.24952359713696
3.2034244380019232,43.175425109813155
3.1701749487412725,43.13837539517108
3.103673619523682,43.06427498785919
3.0371691844356725,42.99017322502978
3.0039158133934896,42.953121815896885
2.970661679810526,42.916070044442385
2.9041511440355188,42.84196538434193
2.837637618520269,42.76785918312038
2.771121145372791,42.693751381846845
2.704601762801007,42.619641928790514
2.6713409932117163,42.58258656707772
2.6048173239843955,42.50847454313883
2.5715544345118633,42.47141787011438
2.4717616118709755,42.36024514439871
2.4384959705015588,42.32318665181921
2.3719626653036516,42.24906826961739
2.33869501197907,42.212008373082014
2.305426698692965,42.174948001985534
2.272157730054407,42.137887154199184
2.2056178465366925,42.06376402027603
2.1058032310779766,41.95257569897665
2.0725304344073088,41.915511955972285
2.0725304344073088,41.915511955972285
2.0059829803832194,41.84138301554835
1.9394330726869082,41.76725214068138
1.9061572106843376,41.73018597892974
1.8063260433013233,41.61898461243739
1.7730478069894253,41.581916536322026
1.6732096097422053,41.47070948041387
1.6399290596047444,41.43363952931831
1.6066479389810786,41.396569118092614
1.5400839999615454,41.32242692928523
1.5068011880757446,41.28535515926174
1.4402338951896525,41.211210288028745
1.3736643951716996,41.13706367152319
1.3403788235233347,41.099989720807486
1.2738060484105223,41.02584055918285
1.2405188493686028,40.988765358313266
1.2072311121942696,40.95168975082004
1.1406540305583919,40.877537337334964
1.0740748193020018,40.803383359589134
1.040784419936319,40.76630579668988
0.9742020419117234,40.69214954871198
0.9076175680702109,40.61799183882807
0.8743245491320716,40.58091244798421
0.8077369544939325,40.50675261862616
0.7411472931243147,40.43259142377575
0.707851690973306,40.395510325391676
0.6412589489012415,40.321347149444414
0.5746641642839124,40.24718269572491
0.5413660088002762,40.210099999703644
0.4747681769728138,40.135933688074985
0.4081683236801796,40.06176617438077
0.37486764160472075,40.02468197497791
0.30826477139900554,39.950512706519525
0.24165989721365877,39.87634229939547
0.2083567104752288,39.83925667581093
0.1417488418623013,39.765084600837326
0.07513898721642287,39.69091143501657
0.04183331758367426,39.653824447659254
0.008527154379665187,39.61673719286584
-0.058086650053753894,39.54256188786263
-0.058086650053753894,39.54256188786263
-0.12470241961472914,39.46838553158479
-0.15801103868171032,39.43129696177659
-0.1913201452177123,39.39420813142174
-0.257939816474989,39.32002969190642
-0.3245614222858566,39.24585021540042
-0.3245614222858566,39.24585021540042
-0.35787294749145376,39.20876008891587
-0.45781039645752347,39.09748815721485
-0.5244377371867688,39.02330556938254
-0.5577521149654623,38.98621388403801
-0.5910669626805007,38.94912193750627
-0.6243822782808627,38.91202972885763
-0.6910143043011793,38.83784452080365
-0.757648174826649,38.763658250412256
-0.8242838718878195,38.68947090823995
-0.8576024004766577,38.652376832920105
-0.9242408065384368,38.57818786794703
-0.9908809949407417,38.50399780849202
-1.0242017515485775,38.46690236523859
-1.0908445772187225,38.39271064536936
-1.157489135886836,38.31851780593444
-1.1908120589213238,38.281420963535005
-1.2241354076759874,38.24432383781038
-1.257459179767822,38.20722642782615
-1.3241079830877127,38.133030750391335
-1.3907584474960253,38.05883392271066
-1.4240842958460826,38.02173507503082
-1.5240642759052212,37.91043678857714
-1.5907195999248924,37.83623647205963
-1.6240478559012521,37.79913587493609
-1.6573765050467997,37.76203498520675
-1.7240349724496453,37.687832326449474
-1.7906949818156317,37.6136284938551
-1.8240255587035321,37.576526137306146
-1.8906878455864795,37.50232054474578
-1.8906878455864795,37.50232054474578
-1.9573516292398891,37.42811378249688
-1.9906840770148415,37.39100996395706
-2.0573500733394816,37.31680145449678
-2.1240175238414993,37.24259178679318
-2.190686412876435,37.168380967819374
-2.224021392532409,37.13127512945507
-2.25735672646842,37.09416900659465
-2.3240284500308768,37.01995591207969
-2.390701568527694,36.945741693243185
-2.4240386462541808,36.9086341651648
-2.524051933468455,36.7973099229165
-2.5573903753224774,36.76020129443354
-2.59072915422381,36.72309239451107
-2.6574077183184284,36.648873787600856
-2.7240876138078907,36.57465411466678
-2.757428056822879,36.537543882078175
-2.8241099264829814,36.46332263282706
-2.89079309909803,36.389100349463156
-3.5243460841448364,35.683939296236225
-3.591042205550059,35.6097067693419
-3.624390699691612,35.5725901530717
-3.657739482399107,35.53547330392721
-3.7244379052927896,35.461238907612504
-3.791137457938616,35.38700358153366
-3.824487653559674,35.349885570752356
-3.8911888776459214,35.275648857991385
-3.957891205795711,35.20141123017738
-3.991242782344214,35.16429207623199
-4.024594633375571,35.12717269748466
-4.091299158662452,35.05293327221655
-4.091299158662452,35.05293327221655
-4.191358003950094,34.94157248910511
-4.224711500965488,34.904451795734644
-4.258065272226446,34.86733088875165
-4.324773638467872,34.79308844087494
-4.391483103221218,34.718845157812844
-4.424838247439223,34.681723206598214
-4.491549359427473,34.60747869170115
-4.5582615690022585,34.53323336888051
-4.591618084900282,34.49611040742703
-4.624974874656947,34.458987247515545
-4.691689275135513,34.38474033698806
-4.691689275135513,34.38474033698806
-4.758404767199924,34.31049264473194
-4.7917629214310065,34.273368507621115
-4.8584800435413,34.19911965529597
-4.8584800435413,34.19911965529597
-4.925198246169909,34.12487003665083
-4.991917523645031,34.05061965661468
-5.058637868627154,33.976368518598065
-5.1253592735901705,33.9021166258425
-5.158720371321548,33.8649903975546
-5.759263430403988,33.196686104569274
-5.759263430403988,33.196686104569274
-5.859361459841548,33.08529602007683
-5.926094594665247,33.011034986878585
-5.926094594665247,33.011034986878585
-5.9928286011511265,32.93677316696581
-6.026195925327608,32.89964196028891
-6.092931204397117,32.8253789508884
-6.159667312050684,32.75111514567135
-6.226404235656899,32.67685054545226
-6.2597730000456915,32.63971794799704
-6.359880490511851,32.52831897303414
-6.426619805057412,32.45405201056265
-6.426619805057412,32.45405201056265
-6.459989755996838,32.41691823788992
-6.526730241847219,32.34265011440063
-6.59347150099499,32.26838122558485
-6.660213527766577,32.19411157868638
-6.726956317531151,32.11984118180759
-6.760327997383107,32.082705704895936
-6.827071924540132,32.00843419945065
-6.827071924540132,32.00843419945065
-6.893816605123565,31.934161965646474
-6.960562035122402,31.859889011759094
-7.027308210364516,31.785615345775106
-7.060681576472514,31.748478248489494
-7.127428863501961,31.67420353054364
-7.194176887381509,31.599928121571047
-7.22755117444937,31.56279016036807
-7.2943002964410955,31.488513729246847
-7.3610501456270585,31.414236625916974
-7.394425341728254,31.377097824443158
-7.4611762744103505,31.302819726166195
-7.527927924118707,31.228540972815004
-7.561304016519963,31.191401352466595
-7.628056733553597,31.117121628106737
-7.694810156155497,31.042841263399556
-7.728187130527331,31.005700842580247
-7.79494160218261,30.93141952705882
-7.861696766485902,30.857137583388862
-7.928452617922271,30.782855015814906
-7.9618307995330495,30.74571349928949
-8.02858767078331,30.671430002949126
-8.095345214387475,30.597145891681382
-8.128724236365665,30.560003606393913
-8.1954827769477,30.48571857848906
-8.1954827769477,30.48571857848906
-8.262241973886903,30.411432942596303
-8.362381984662811,30.300003353140863
-8.429142791605937,30.22571620554404
-8.462523432464225,30.188572406083665
-8.529285184604683,30.114284356883346
-8.596047557954702,30.039995708441932
-8.629428975240552,30.00285115983716
-8.629428975240552,30.00285115983716
-8.696192266348627,29.928561614485698
-8.762956159803936,29.85427147229483
-8.796338329920975,29.817126177535627
-8.863103112445678,29.742835141405614
-8.963251377935524,29.631397472250356
-8.996634420366526,29.59425128551089
-9.030017604868084,29.557104950418736
-9.06340093063571,29.519958467185972
-9.130168002316935,29.445665056753477
-9.196935627895508,29.371371054928467
-9.230319646196453,29.334223832597868
-9.297088089421635,29.259928945805708
-9.363857068974072,29.185633470470947
-9.430626577861178,29.111337407760757
-9.46401152885603,29.074189156715303
-9.49739660981583,29.037040759490015
-9.564167158516312,28.962743527426497
-9.63093821758402,28.88844571329009
-9.697709780846644,28.814147318985995
-9.731095749827073,28.77699790504956
-9.731095749827073,28.77699790504956
-10.265287623087868,28.182587873115512
-10.298675600169865,28.14543604587114
-10.36545188834719,28.07113197281306
-10.36545188834719,28.07113197281306
-10.4656171498729,27.95967482510021
-10.49900578869011,27.92252216676303
-10.532394535443155,27.885369370953843
-10.599172350539874,27.811063368538637
-10.665950591045073,27.736756821365002
-10.699339869729126,27.699603344754046
-10.766118742064284,27.625295988250574
-10.832898032218196,27.55098809804331
-10.86628783322675,27.513833954335745
-10.933067745782326,27.439525272907414
-10.966457856876017,27.402370736520776
-10.999848070847651,27.365216070540743
-11.066628806549689,27.290906352447998
-11.100019327764878,27.253751301577353
-11.166800675954848,27.179440819540922
-11.23358243050561,27.1051298348324
-11.266973459604793,27.067974155542753
-11.300364589618747,27.030818352453444
-11.300364589618747,27.030818352453444
-11.36714715137298,26.95650637721402
-11.433930113784871,26.882193913785574
-11.500713474474946,26.807880966400344
-11.56749723112296,26.733567539256892
-11.60088925716685,26.69641064702903
-11.66767360320162,26.622096507753565
-11.734458338875653,26.547781898381658
-11.734458338875653,26.547781898381658
-11.834636166492363,26.436309110181632
-11.86802896718923,26.399151282526798
-11.901421862896536,26.361993339636182
-11.934814853247897,26.32483528190488
-12.001601116140879,26.2505188232312
-12.068387752123922,26.176201908851947
-12.13517475731943,26.101884540926537
-12.168568397218896,26.06472568759361
-12.23535594912954,25.990407643406737
-12.302143860346195,25.91608915060841
-12.302143860346195,25.91608915060841
-12.368932126469518,25.841770210681805
-12.435720743293416,25.767450825229787
-12.469115181779964,25.73029096580823
-12.535904316059424,25.6559709143309
-12.602693789631147,25.58165042032413
-12.66948359784136,25.507329484828226
-12.702878625965859,25.470168851822063
-13.404192178306058,24.689770259808093
-13.470985612574067,24.615444070971332
-13.537779315828656,24.54111744643051
-13.571176267165397,24.503953971229933
-13.571176267165397,24.503953971229933
-13.637970366360099,24.429626695383508
-13.704764723718867,24.355298986179996
-13.771559335213961,24.28097084485933
-13.838354197684463,24.20664227343756
-13.871751722219491,24.169477827220117
-13.938546956573354,24.095148615609595
-14.005342436429794,24.02081898105694
-14.005342436429794,24.02081898105694
-14.072138160188942,23.946488926917024
-14.17233220015563,23.834993066709984
-14.205730334011793,23.797827574049553
-14.272526781672456,23.72349628259731
-14.305925095226295,23.686330484746044
-14.372721901232087,23.611998587196396
-14.439518944993852,23.537666290321738
-14.506316225528776,23.463333597805995
-14.606512588120497,23.351833825156547
-14.639911492965814,23.314667040368594
-14.639911492965814,23.314667040368594
-14.706709477783084,23.240333182506735
-14.773507695198035,23.165998943117245
-14.840306143883547,23.09166432537123
-14.9071048225019,23.017329332387053
-14.940504247625155,22.980161696149757
-15.007303268564147,22.90582614599733
-15.007303268564147,22.90582614599733
-15.074102515728935,22.831490227889333
-15.140901987401804,22.7571539444543
-15.20770168167612,22.682817298109196
-15.274501596658798,22.608480291240728
-15.341301730287755,22.53414292604293
-15.374701878421082,22.496974109719087
-15.441502335952366,22.42263621087389
-15.50830300646891,22.34829795855833
-15.541703420821433,22.31112870037649
-15.541703420821433,22.31112870037649
-15.675305598058989,22.162450792077685
-15.742106993825114,22.08811131502468
-15.77550776729891,22.05094144635805
-15.84230946371096,21.976601449548937
-15.909111357015131,21.902261107727323
-15.975913444238534,21.827920421922396
-16.00931455963647,21.7907499503355
-16.042715722387225,21.75357939311413
-16.07611693211903,21.71640875037841
-16.142919490968357,21.64206720877242
-16.209722233111037,21.567725326354008
-16.27652515550119,21.493383103956408
-16.343328255123293,21.419040542413345
-16.410131528963504,21.344697642534875
-16.476934974075203,21.270354405167375
-16.510336759936845,21.233182660183417
-16.57714045644689,21.158838918135057
-16.64394431696806,21.08449484071281
-16.64394431696806,21.08449484071281
-16.710748338697044,21.010150428816395
-16.777552518915485,20.935805683401167
-16.844356854954682,20.861460605446702
-16.91116134425581,20.78711519601071
-16.977965984347797,20.71276945620961
-17.044770772841616,20.638423387213752
-17.078173222024414,20.601250229656774
-17.144978228862307,20.526903669219546
-17.144978228862307,20.526903669219546
-17.211783378529287,20.452556782789532
-17.278588668928876,20.378209571734207
-17.345394098045006,20.30386203747444
-17.37879686402887,20.266688149614986
-17.445602497699486,20.192340133403995
-17.94664891253012,19.63471994826753
-18.781741341990013,18.7053150408362
-18.815145402756425,18.668137897785222
-18.848549490130583,18.630960683840446
-18.915357744215886,18.556606044193824
-18.98216610309967,18.48225112357691
-19.048974565552214,18.407895923576103
-19.08237883523967,18.370718219303487
-19.14918745079613,18.29636260320807
-19.182591796372886,18.25918469178268
-19.215996166954668,18.222006711702303
-19.28280498255438,18.14765054636164
-19.349613896434892,18.07329410874031
-19.383018389866475,18.036115788302933
-19.449827448978052,17.961758945114276
-19.516636603429696,17.887401833399796
-19.516636603429696,17.887401833399796
-19.58344585201544,17.813044454597165
-19.650255193507753,17.73868681010353
-19.71706462665959,17.66432890127765
-19.750469377212102,17.62714984815372
-19.817278945466942,17.552791545289313
-19.884088602168656,17.478432981315443
-19.884088602168656,17.478432981315443
-19.95089834599832,17.40407415745629
-20.017708175616,17.32971507489802
-20.084518089673377,17.25535573480049
-20.15132808680143,17.180996138286663
-20.15132808680143,17.180996138286663
-20.218138165627053,17.106636286457825
-20.25154323524618,17.069456265138577
-20.318353434025656,16.995096032347835
-20.318353434025656,16.995096032347835
-20.385163711033698,16.92073554688696
-20.418568878438062,16.883555209725717
-20.485379270185497,16.809194347181506
-20.55218973669808,16.734833234513122
-20.55218973669808,16.734833234513122
-20.619000276587553,16.66047187270854
-20.619000276587553,16.66047187270854
-20.685810888482127,16.586110262755
-20.752621571024772,16.511748405637675
-20.81943232288387,16.43738630234964
-20.81943232288387,16.43738630234964
-20.886243142719934,16.36302395386232
-20.919648577717798,16.325842687974877
-20.919648577717798,16.325842687974877
-20.986459497075987,16.25147997353964
-21.053270481193817,16.17711701638863
-21.12008152883436,16.1027538175356
-21.186892638776165,16.028390377994636
-21.22029821672405,15.991208568275518
-21.253703809793272,15.954026698762142
-21.287109417836106,15.916844769581832
-21.353920678274907,15.84248073274611
-21.4207319969307,15.7681164588341
-21.4207319969307,15.7681164588341
-21.487543372713247,15.693751948915473
-21.554354804528856,15.619387204043436
-21.554354804528856,15.619387204043436
-21.621166291345116,15.545022225312623
-21.68797783212629,15.470657013801299
-21.75478942589901,15.396291570630083
-21.7881952423572,15.35910876252231
-21.82160107170139,15.321925896916552
-21.8884127685721,15.247559993765384
-21.955224515617953,15.173193862328702
-22.022036311956317,15.098827503754604
-22.022036311956317,15.098827503754604
-22.055442228339416,15.061644239650658
-22.122254096984886,14.987277542514594
-22.22247198809979,14.87572707666528
-22.22247198809979,14.87572707666528
-22.32268998259775,14.764176110155772
-22.356096003269133,14.726992344066156
-22.389502035035115,14.68980852292852
-22.456314131440852,14.615440716064251
-22.523126271057272,14.541072690720176
-22.589938453157085,14.466704448066915
-22.623344559896527,14.4295202455985
-22.690156804287756,14.355151679083932
-22.690156804287756,14.355151679083932
-22.756969089278595,14.280782898068226
-22.82378141417296,14.206413903701936
-22.82378141417296,14.206413903701936
-22.890593778265025,14.132044697113626
-22.957406180802717,14.057675279377328
-23.02421862109425,13.983305651607731
-23.02421862109425,13.983305651607731
-23.05762485516674,13.946120759291905
-23.05762485516674,13.946120759291905
-23.124437350710117,13.87175081845993
-23.19124988222108,13.797380670271883
-23.19124988222108,13.797380670271883
-23.258062449021523,13.72301031580798
-23.324875050380946,13.648639756088743
-23.324875050380946,13.648639756088743
-23.39168768561521,13.57426899216347
-23.458500353999845,13.499898025032701
-23.52531305485557,13.425526855724893
-23.52531305485557,13.425526855724893
-23.592125787457253,13.351155485214989
-23.62553216544063,13.313969724814445
-23.65893855110074,13.276783914484211
-23.69234494435652,13.239598054351257
-23.759157753294865,13.165226185149098
-23.825970591581832,13.090854118186337
-23.892783458526115,13.01648185441434
-23.892783458526115,13.01648185441434
-23.95959635338253,12.94210939472482
-24.026409275457244,12.867736740043473
-24.026409275457244,12.867736740043473
-24.059815746483668,12.830550339865974
-24.126628708062746,12.756177394386372
-24.126628708062746,12.756177394386372
-24.19344169514161,12.681804256191048
-24.260254707058895,12.60743092619379
-24.260254707058895,12.60743092619379
-24.32706774314108,12.53305740528712
-24.393880802702512,12.458683694342803
-24.460693885065233,12.384309794229504
-24.527506989573066,12.309935705825268
-24.594320115553195,12.235561429983019
-24.62772668638183,12.198374222033317
-24.62772668638183,12.198374222033317
-24.694539843314114,12.123999666614464
-24.761353020079113,12.049624925880552
-24.82816621608383,11.975250000718116
-24.82816621608383,11.975250000718116
-24.894979430660833,11.900874891937
-24.961792663166836,11.82649960035867
-25.028605913006878,11.752124126838043
-25.028605913006878,11.752124126838043
-25.095419179560036,11.677748472197457
-25.162232462174646,11.603372637222476
-25.22904576027231,11.528996622754802
-25.262452414930127,11.49180854845698
-25.262452414930127,11.49180854845698
-25.329265735089667,11.417432266237837
-25.39607906921694,11.34305580652672
-25.39607906921694,11.34305580652672
-25.462892416782967,11.268679170176389
-25.529705777193612,11.194302357972218
-25.596519149917576,11.119925370746929
-25.596519149917576,11.119925370746929
-25.696739230835473,11.008359563460534
-25.73014593003161,10.971170874386175
-25.76355263190621,10.93398214216648
-25.830366043393784,10.859604548661942
-25.897179464785633,10.785226783755908
-25.963992895575473,10.710848848253978
-26.03080633526502,10.636470742959968
-26.03080633526502,10.636470742959968
-26.097619783342076,10.562092468656317
-26.16443323931911,10.487714026138386
-26.16443323931911,10.487714026138386
-26.264653437106627,10.376146048745683
-26.264653437106627,10.376146048745683
-26.3314669108528,10.301767189250224
-26.39828039091123,10.227388164362413
-26.39828039091123,10.227388164362413
-26.46509387685887,10.153008974897508
-26.531907368237416,10.07862962163108
-26.531907368237416,10.07862962163108
-26.598720864662486,10.004250105396505
-26.66553436570358,9.929870426977491
-26.66553436570358,9.929870426977491
-26.73234787099839,9.855490587210305
-26.79916138012959,9.781110586873506
-26.832568136010867,9.74392052673911
-26.899381650173407,9.669540287041713
-26.966195167231746,9.59515988877495
-26.966195167231746,9.59515988877495
-27.03300868680438,9.52077933271915
-27.0998222085164,9.446398619652147
-27.166635732033512,9.372017750379982
-27.166635732033512,9.372017750379982
-27.233449256951747,9.297636725638428
-27.30026278289908,9.223255546183736
-27.33366954616161,9.186064898690285
-27.33366954616161,9.186064898690285
-27.40048307302054,9.111683488624976
-27.46729660002229,9.03730192574159
-27.534110126874452,8.96292021084011
-27.600923653242777,8.888538344675917
-27.600923653242777,8.888538344675917
-27.667737178755942,8.814156327964048
-27.7345507030428,8.739774161411876
-27.80136422580949,8.665391845787859
-27.80136422580949,8.665391845787859
-27.86817774669568,8.591009381792924
-27.934991265363525,8.516626770140075
-28.0018047815148,8.44224401156995
-28.03521153852696,8.405052577396548
-28.102025050201647,8.330669599695344
-28.16883855845995,8.256286476757806
-28.16883855845995,8.256286476757806
-28.202245311195473,8.219094861031738
-28.302465563300963,8.107519797815954
-28.36927905922765,8.033136243166325
-28.36927905922765,8.033136243166325
-28.402685805409323,7.995944412326736
-28.46949929397191,7.921560644003087
-28.53631277718925,7.847176734030112
-28.53631277718925,7.847176734030112
-28.60312625475596,7.772792683078782
-28.669939726302005,7.698408491755742
-28.736753191526738,7.624024160723243
-28.736753191526738,7.624024160723243
-28.803566650069868,7.54963969058374
-28.87038010159995,7.475255081958811
-28.87038010159995,7.475255081958811
-28.937193545798145,7.400870335474617
-29.004006982346272,7.326485451751286
-29.03741369765109,7.289292958616045
-29.070820410925993,7.252100431402382
-29.13763383120926,7.177715275026451
-29.13763383120926,7.177715275026451
-29.204447242899054,7.1033299832436105
-29.271260645682315,7.0289445566535775
-29.271260645682315,7.0289445566535775
-29.33807403924987,6.954558995853647
-29.404887423307912,6.880173301448934
-29.471700797608143,6.805787474079621
-29.471700797608143,6.805787474079621
-29.538514161839558,6.731401514324239
-29.60532751576932,6.657015422825709
-29.672140859152776,6.582629200210928
-29.705547526814588,6.545436039930644
-29.705547526814588,6.545436039930644
-29.772360853902505,6.47104962178953
-29.839174169818264,6.396663074062304
-29.90598747441053,6.32227639743917
-29.90598747441053,6.32227639743917
-29.972800767478525,6.247889592560661
-30.039614048747474,6.173502659995512
-30.67433960929141,5.46682056409043
-30.741152762161377,5.392432334690748
-30.741152762161377,5.392432334690748
-30.80796590289184,5.318043986350404
-30.874779031366593,5.243655519723185
-30.941592147719962,5.169266935669776
-30.941592147719962,5.169266935669776
-30.974998701366637,5.132072599849074
-31.075218344029317,5.020489418139758
-31.075218344029317,5.020489418139758
-31.175437958609905,4.9089059763054665
-31.208844490340624,4.871711438094329
-31.24225101875023,4.834516871146354
-31.24225101875023,4.834516871146354
-31.309064065313635,4.76012765111972
-31.375877097760046,4.6857383164224595
-31.375877097760046,4.6857383164224595
-31.442690115590633,4.611348867284194
-31.509503118216383,4.536959303850497
-31.509503118216383,4.536959303850497
-31.609722592483323,4.4253747448200365
-31.676535554761383,4.350984896482552
-31.70994202954765,4.31378992970432
-31.70994202954765,4.31378992970432
-31.77675496605035,4.239399911016937
-31.84356788469681,4.165009778987128
-31.91038078509288,4.090619533919643
-31.977193666831187,4.016229176104787
-31.977193666831187,4.016229176104787
-32.04400652951683,3.941838705841702
-32.110819372750456,3.8674481234229408
-32.110819372750456,3.8674481234229408
-32.17763219624177,3.7930574292357067
-32.24444499966469,3.7186666236321955
-32.277851393763314,3.6814711791716577
-32.34466416659018,3.6070802072024133
-32.34466416659018,3.6070802072024133
-32.41147691875451,3.5326891248805854
-32.47828965006423,3.4582979326666172
-32.545102360397095,3.3839066310802575
-32.545102360397095,3.3839066310802575
-32.611915049585,3.3095152205971603
-32.678727717521724,3.2351237017448944
-32.74554036418543,3.160732075122927
-32.74554036418543,3.160732075122927
-32.812352989540265,3.086340341314846
-32.879165593527325,3.011948500880033
-32.879165593527325,3.011948500880033
-32.9459781761896,2.9375565544650897
-33.01279073752735,2.863164502674186
-33.07960327762686,2.7887723461841265
-33.146415796557896,2.7143800856526483
-33.17982204809093,2.6771839165613525
-33.246634535334884,2.6027915011330456
-33.246634535334884,2.6027915011330456
-33.31344700154258,2.5283989832495957
-33.38025944681086,2.4540063635757696
-33.38025944681086,2.4540063635757696
-33.447071871220224,2.3796136427566537
-33.5138842748476,2.3052208214292054
-33.5138842748476,2.3052208214292054
-33.580696657801475,2.2308279002540785
-33.580696657801475,2.2308279002540785
-33.647509020110576,2.156434879816132
-33.7143213618297,2.082041760718864
-33.7143213618297,2.082041760718864
-33.7811336830564,2.007648543599335
-33.847945983811194,1.933255229021162
-33.881352126538076,1.8960585353778872
-33.881352126538076,1.8960585353778872
-33.94816439669224,1.8216650757200712
-34.01497664644731,1.7472715200118134
-34.01497664644731,1.7472715200118134
-34.08178887587509,1.6728778688462755
-34.148601084994255,1.5984841227648643
-34.21541327382699,1.524090282308084
-34.28222544237007,1.449696347989966
-34.34903759058155,1.3753023202859325
-34.34903759058155,1.3753023202859325
-34.41584971843583,1.300908199681682
-34.48266182586401,1.2265139866195953
-34.549473912848896,1.152119681583578
-34.549473912848896,1.152119681583578
-34.61628597929132,1.0777252849796688
-34.683098025098936,1.0033307972156276
-34.74991005020442,0.9289362187173846
-34.74991005020442,0.9289362187173846
-34.81672205445198,0.8545415498280253
-34.8835340376987,0.780146790898415
-34.8835340376987,0.780146790898415
-34.950345999834745,0.7057519423054913
-35.01715794066992,0.6313570043510932
-35.01715794066992,0.6313570043510932
-35.05056390303955,0.5941595019561579
-35.05056390303955,0.5941595019561579
-35.11737581154964,0.519764430502779
-35.184187698326944,0.4453692704664547
-35.25099956323441,0.37097402218507347
-35.25099956323441,0.37097402218507347
-35.3178114060884,0.2965786859526969
-35.384623226670186,0.22218326202973757
-35.45143502483899,0.1477877507438318
-35.45143502483899,0.1477877507438318
-35.51824680037476,0.07339215234905308
-35.51824680037476,0.07339215234905308
-35.585058553104176,-0.0010035328618529203
-35.651870282903644,-0.07539930455479127
-35.71868198965872,-0.1497951623899339
-35.71868198965872,-0.1497951623899339
-35.78549367315828,-0.22419110611618556
-35.85230533324204,-0.29858713543958665
-35.85230533324204,-0.29858713543958665
-35.91911696980276,-0.3729832500215461
-35.98592858271317,-0.44737944954377273
-35.98592858271317,-0.44737944954377273
-36.052740171850616,-0.5217757336861609
-36.1195517371033,-0.5961721021211824
-36.152957510740336,-0.633370317844549
-36.18636327837164,-0.6705685545126843
-36.25317479555555,-0.7449650905273341
-36.25317479555555,-0.7449650905273341
-36.31998628857599,-0.8193617098155812
-36.38679775738158,-0.8937584120056222
-36.38679775738158,-0.8937584120056222
-36.42020348268546,-0.9309567940753536
-36.487014915068755,-1.0053536199295692
-36.55382632313333,-1.0797505277446724
-36.58723201805145,-1.1169490122546895
-36.58723201805145,-1.1169490122546895
-36.654043389624114,-1.1913460422562479
-36.72085473681756,-1.2657431532532826
-36.72085473681756,-1.2657431532532826
-36.78766605968643,-1.3401403447935547
-36.854477358219995,-1.414537616485972
-36.92128863247281,-1.4889349678837203
-36.92128863247281,-1.4889349678837203
-36.95469426049166,-1.5261336733505049
-36.95469426049166,-1.5261336733505049
-37.02150549833204,-1.600531143558339
-37.08831671195455,-1.6749286924329547
-37.08831671195455,-1.6749286924329547
-37.15512790143394,-1.7493263195198503
-37.22193906678016,-1.8237240244253212
-37.22193906678016,-1.8237240244253212
-37.28875020806592,-1.8981218067024723
-37.35556132530829,-1.9725196659570978
-37.35556132530829,-1.9725196659570978
-37.42237241858155,-2.0469176017468445
-37.48918348789741,-2.1213156136883633
-37.48918348789741,-2.1213156136883633
-37.555994533287155,-2.1957137013839527
-37.62280555478613,-2.2701118644356857
-37.656211056584645,-2.3073109740992765
-37.68961655242179,-2.3445101024558372
-37.68961655242179,-2.3445101024558372
-37.78983300415557,-2.456107599243676
-37.85664394221608,-2.5305060230419003
-37.923454856464836,-2.604904520514737
-37.923454856464836,-2.604904520514737
-37.95686030465178,-2.6421037967766403
-38.05707661346457,-2.7537017351404516
-38.123887456237064,-2.8281004515810158
-38.123887456237064,-2.8281004515810158
-38.791994585521934,-3.572091526026017
-40.529063075554795,-5.506498830593629
-40.529063075554795,-5.506498830593629
-40.59587315492352,-5.580899902945525
-40.59587315492352,-5.580899902945525
-40.66268321767637,-5.655301029713037
-40.66268321767637,-5.655301029713037
-40.696088242759146,-5.692501613486453
-40.762898280211786,-5.76690282179788
-40.762898280211786,-5.76690282179788
-40.829708300208615,-5.841304084761954
-40.89651830173652,-5.915705403115559
-40.96332828345054,-5.990106777900167
-40.96332828345054,-5.990106777900167
-41.03013824375621,-6.064508210381976
-41.06354321533521,-6.101708948696785
-41.09694818090537,-6.13890970196192
-41.163758093139634,-6.213311254044467
-41.163758093139634,-6.213311254044467
-41.230567978683375,-6.287712868041763
-41.230567978683375,-6.287712868041763
-41.29737783580626,-6.362114545316565
-41.29737783580626,-6.362114545316565
-41.3641876628863,-6.436516287125234
-41.3641876628863,-6.436516287125234
-41.46440234399698,-6.548119023232814
-41.46440234399698,-6.548119023232814
-41.564616949786426,-6.6597219102554135
-41.59802180097368,-6.69692290659927
-41.59802180097368,-6.69692290659927
-41.631426643242726,-6.734123920085938
-41.631426643242726,-6.734123920085938
-41.731641115595316,-6.845727063940369
-41.731641115595316,-6.845727063940369
-41.79845071772598,-6.920129246338431
-41.831855504786404,-6.957330363544104
-41.865260282452695,-6.994531498094837
-41.865260282452695,-6.994531498094837
-41.93206980947723,-7.068933819209139
-41.93206980947723,-7.068933819209139
-41.99887929870704,-7.143336209491771
-41.99887929870704,-7.143336209491771
-42.065688750282064,-7.217738668540748
-42.132498164444854,-7.2921411958582025
-42.199307541576616,-7.366543790819
-42.199307541576616,-7.366543790819
-42.266116882198546,-7.440946452670668
-42.266116882198546,-7.440946452670668
-42.33292618691739,-7.515349180583599
-42.33292618691739,-7.515349180583599
-42.36633082604477,-7.5525505690163985
-42.39973545649226,-7.589751973592705
-42.466544691791135,-7.6641548306374725
-42.466544691791135,-7.6641548306374725
-42.566758482694894,-7.7757592336669985
-42.566758482694894,-7.7757592336669985
-42.666972202177035,-7.887363774103699
-42.70037676006709,-7.924565317419868
-42.70037676006709,-7.924565317419868
-42.70037676006709,-7.924565317419868
-42.73378131053621,-7.961766875406699
-42.80059038977444,-8.036170034756886
-42.80059038977444,-8.036170034756886
-42.86739944107399,-8.110573250836563
-42.86739944107399,-8.110573250836563
-42.967612968081966,-8.222178178583876
-43.03442195439609,-8.29658153104015
-43.03442195439609,-8.29658153104015
-43.06782643842503,-8.333783227026132
-43.06782643842503,-8.333783227026132
-43.13463538881718,-8.408186657839064
-43.13463538881718,-8.408186657839064
-43.23484877213633,-8.519791899039078
-43.23484877213633,-8.519791899039078
-43.301657667523074,-8.594195454960136
-43.36846654239147,-8.66859905921884
-43.36846654239147,-8.66859905921884
-43.401870972361074,-8.705800879204464
-43.401870972361074,-8.705800879204464
-43.502084233430736,-8.817406409373742
-43.502084233430736,-8.817406409373742
-43.56889305090595,-8.891810153709951
-43.63570185039617,-8.96621394333036
-43.63570185039617,-8.96621394333036
-43.70251063229713,-9.040617777698966
-43.70251063229713,-9.040617777698966
-43.76931939694452,-9.115021656339028
-43.76931939694452,-9.115021656339028
-43.836128144611294,-9.189425578835085
-43.836128144611294,-9.189425578835085
-43.902936875467724,-9.263829544868054
-43.96974558960322,-9.338233554195135
-43.96974558960322,-9.338233554195135
-44.03655428705441,-9.412637606624187
-44.03655428705441,-9.412637606624187
-44.103362967764795,-9.487041702049149
-44.103362967764795,-9.487041702049149
-44.17017163162525,-9.561445840413398
-44.17017163162525,-9.561445840413398
-44.27038459540907,-9.673052128507937
-44.33719321623972,-9.747456374367347
-44.3705975200324,-9.78465851348308
-44.40400181935496,-9.821860663414126
-44.40400181935496,-9.821860663414126
-44.437406114163096,-9.859062824181702
-44.50421469003315,-9.933467178334809
-44.50421469003315,-9.933467178334809
-44.571023247253294,-10.007871576144593
-44.571023247253294,-10.007871576144593
-44.63783178539185,-10.082276017851454
-44.70464030399385,-10.156680503716478
-44.70464030399385,-10.156680503716478
-44.77144880261382,-10.231085033991649
-44.838257280751186,-10.305489608977203
-44.838257280751186,-10.305489608977203
-44.90506573794613,-10.379894228935672
-44.90506573794613,-10.379894228935672
-44.971874173700364,-10.454298894162644
-44.971874173700364,-10.454298894162644
-45.03868258754367,-10.528703604927202
-45.03868258754367,-10.528703604927202
-45.105490979027735,-10.603108361477558
-45.17229934772551,-10.67751316404141
-45.17229934772551,-10.67751316404141
-45.27251185720963,-10.78912045457056
-45.27251185720963,-10.78912045457056
-45.33932016726888,-10.863525372977875
-45.40612845325689,-10.937930337994016
-45.40612845325689,-10.937930337994016
-45.472936714845765,-11.01233534975026
-45.472936714845765,-11.01233534975026
-45.53974495177293,-11.086740408318422
-45.606553163840154,-11.161145513711794
-45.606553163840154,-11.161145513711794
-45.67336135086191,-11.2355506659311
-45.67336135086191,-11.2355506659311
-45.740169512687764,-11.309955864944536
-45.80697764920787,-11.384361110682944
-45.80697764920787,-11.384361110682944
-45.87378576033217,-11.458766403058773
-45.87378576033217,-11.458766403058773
-45.94059384602616,-11.5331717419344
-45.94059384602616,-11.5331717419344
-46.0074019063216,-11.607577127112776
-46.0074019063216,-11.607577127112776
-46.074209941262836,-11.681982558385323
-46.074209941262836,-11.681982558385323
-46.14101795092706,-11.756388035514064
-46.14101795092706,-11.756388035514064
-46.20782593542665,-11.830793558229626
-46.274633894910885,-11.905199126230102
-46.274633894910885,-11.905199126230102
-46.341441829589265,-11.979604739160214
-46.341441829589265,-11.979604739160214
-46.40824973963869,-12.054010396694546
-46.40824973963869,-12.054010396694546
-46.44165368549485,-12.09121324207612
-46.47505762528145,-12.128416098468156
-46.54186548677314,-12.20282184408788
-46.54186548677314,-12.20282184408788
-46.608673324414134,-12.277227633122033
-46.675481138460974,-12.351633465179756
-46.675481138460974,-12.351633465179756
-47.44376942331477,-13.207303469073828
-48.412477310084256,-14.286198554632023
-48.44588096856122,-14.323401959306452
-48.47928462283238,-14.36060537231206
-48.512688272743475,-14.397808793773212
-48.512688272743475,-14.397808793773212
-48.54609191822688,-14.435012223737154
-48.54609191822688,-14.435012223737154
-48.61289919579807,-14.509419109224579
-48.61289919579807,-14.509419109224579
-48.71311007829185,-14.621029501519812
-48.71311007829185,-14.621029501519812
-48.81332091903103,-14.732639971444128
-48.846724523009364,-14.769843478912124
-48.846724523009364,-14.769843478912124
-48.880128122050856,-14.80704699523218
-48.880128122050856,-14.80704699523218
-48.980338888704196,-14.918657597966007
-48.980338888704196,-14.918657597966007
-49.04714604024242,-14.993064711914778
-49.04714604024242,-14.993064711914778
-49.11395316998307,-15.067471862859975
-49.11395316998307,-15.067471862859975
-49.14735672646377,-15.104675452371483
-49.14735672646377,-15.104675452371483
-49.2141638222475,-15.179082659771394
-49.2141638222475,-15.179082659771394
-49.28097089463911,-15.253489905364795
-49.28097089463911,-15.253489905364795
-49.38118145824051,-15.365100846156713
-49.38118145824051,-15.365100846156713
-49.44798846997803,-15.439508188734928
-49.51479545671622,-15.513915570578144
-49.51479545671622,-15.513915570578144
-49.51479545671622,-15.513915570578144
-49.58160241814627,-15.58832299184915
-49.58160241814627,-15.58832299184915
-49.6484093540521,-15.662730452624798
-49.71521626432201,-15.737137952885744
-49.782023148888996,-15.811545492569827
-49.782023148888996,-15.811545492569827
-49.8154265815311,-15.848749277159198
-49.8154265815311,-15.848749277159198
-49.91563684093246,-15.96036068969074
-49.91563684093246,-15.96036068969074
-49.91563684093246,-15.96036068969074
-50.01584704292114,-16.07197218969692
-50.049250430940226,-16.109176042293658
-50.049250430940226,-16.109176042293658
-50.11605718821121,-16.183583776104783
-50.11605718821121,-16.183583776104783
-50.11605718821121,-16.183583776104783
-50.18286392068334,-16.25799154776485
-50.18286392068334,-16.25799154776485
-50.28307397368235,-16.369603275235505
-50.28307397368235,-16.369603275235505
-50.34988064581331,-16.44401113947629
-50.383283973068174,-16.481215085193167
-50.416687294520514,-16.518419039889697
-50.416687294520514,-16.518419039889697
-50.48349392023112,-16.592826975968585
-50.48349392023112,-16.592826975968585
-50.550300523417576,-16.66723494716736
-50.550300523417576,-16.66723494716736
-50.65051038710831,-16.778846968528256
-50.65051038710831,-16.778846968528256
-50.717316936228485,-16.853255024994834
-51.55239721749064,-17.783358339871253
-51.55239721749064,-17.783358339871253
-51.652606683608845,-17.89497103060815
-51.6860098322235,-17.93217527346637
-51.6860098322235,-17.93217527346637
-51.75281611931055,-18.00658377804074
-51.819622393121335,-18.08099230747582
-51.819622393121335,-18.08099230747582
-51.88642865389817,-18.15540086149085
-51.88642865389817,-18.15540086149085
-51.953234901720975,-18.22980943995992
-51.953234901720975,-18.22980943995992
-51.953234901720975,-18.22980943995992
-52.053444248837934,-18.341422353704193
-52.053444248837934,-18.341422353704193
-52.15365356542538,-18.453035323450642
-52.187056663917744,-18.490239659345725
-52.187056663917744,-18.490239659345725
-52.22045975879189,-18.527444001644565
-52.22045975879189,-18.527444001644565
-52.32066902099359,-18.639057067547473
-52.32066902099359,-18.639057067547473
-52.32066902099359,-18.639057067547473
-52.420878248095114,-18.750670193160015
-52.420878248095114,-18.750670193160015
-52.487684379016414,-18.82507897754045
-52.52108743810866,-18.862283380104927
-52.55449049285603,-18.899487789665866
-52.55449049285603,-18.899487789665866
-52.621296589015785,-18.973896630019354
-52.621296589015785,-18.973896630019354
-52.621296589015785,-18.973896630019354
-52.688102666930604,-19.048305499051605
-52.688102666930604,-19.048305499051605
-52.78831174845525,-19.159918857263676
-52.78831174845525,-19.159918857263676
-52.85511777854349,-19.23432779971356
-52.88852078613175,-19.271532282165197
-52.92192378867777,-19.30873677215401
-52.92192378867777,-19.30873677215401
-52.988729778438135,-19.38314577489121
-52.988729778438135,-19.38314577489121
-52.988729778438135,-19.38314577489121
-53.05553574747254,-19.4575548081678
-53.05553574747254,-19.4575548081678
-53.15574466155347,-19.56916841572473
-53.22255057764535,-19.643577526024796
-54.25803962670046,-20.79692254854273
-54.291442426788386,-20.83412733431614
-54.324845223337924,-20.871332125784413
-54.324845223337924,-20.871332125784413
-54.39165080563138,-20.945741725928315
-54.39165080563138,-20.945741725928315
-54.45845637391533,-21.020151348589913
-54.45845637391533,-21.020151348589913
-54.45845637391533,-21.020151348589913
-54.49185915300093,-21.057356168166724
-54.558664701355376,-21.131765823512925
-54.558664701355376,-21.131765823512925
-54.658872999796046,-21.243380346528088
-54.658872999796046,-21.243380346528088
-54.7590812693804,-21.35499491738373
-54.79248401937832,-21.392199785053975
-54.79248401937832,-21.392199785053975
-54.85928950933384,-21.466609536669683
-54.85928950933384,-21.466609536669683
-54.85928950933384,-21.466609536669683
-54.92609498557022,-21.541019310259774
-54.92609498557022,-21.541019310259774
-54.92609498557022,-21.541019310259774
-55.02630317328048,-21.65263401261067
-55.02630317328048,-21.65263401261067
-55.12651132765595,-21.764248766452678
-55.12651132765595,-21.764248766452678
-55.193316744579235,-21.83865863162438
-55.26012214544522,-21.913068520710983
-55.26012214544522,-21.913068520710983
-55.26012214544522,-21.913068520710983
-55.32692752977014,-21.987478434108663
-55.32692752977014,-21.987478434108663
-55.32692752977014,-21.987478434108663
-55.42713557426809,-22.099093350574822
-55.42713557426809,-22.099093350574822
-55.49394091534791,-22.173503326267177
-55.52734357915929,-22.2107083236477
-55.56074623842259,-22.247913327432368
-55.62755154312614,-22.322323354349354
-55.62755154312614,-22.322323354349354
-55.69435682915981,-22.396733407234557
-55.69435682915981,-22.396733407234557
-55.69435682915981,-22.396733407234557
-55.76116209625432,-22.471143486275622
-55.76116209625432,-22.471143486275622
-55.7945647226255,-22.50834853565341
-55.861369960912484,-22.582758654180022
-55.861369960912484,-22.582758654180022
-55.96157778196589,-22.694373881498837
-55.96157778196589,-22.694373881498837
-55.96157778196589,-22.694373881498837
-56.09518814167071,-22.84319427712848
-56.09518814167071,-22.84319427712848
-56.09518814167071,-22.84319427712848
-56.16199329217627,-22.91760451449725
-56.16199329217627,-22.91760451449725
-56.228798423172314,-22.992014778096287
-56.26220098138449,-23.029219919683722
-56.26220098138449,-23.029219919683722
-56.36240862707495,-23.14083538331737
-56.39581116605347,-23.178040550732998
-56.39581116605347,-23.178040550732998
-56.39581116605347,-23.178040550732998
-56.46261622976778,-23.25245090469794
-56.46261622976778,-23.25245090469794
-56.52942127464184,-23.32686128398214
-56.52942127464184,-23.32686128398214
-56.52942127464184,-23.32686128398214
-56.62962880715917,-23.438476899754953
-56.62962880715917,-23.438476899754953
-56.72983629875798,-23.550092570791396
-56.76323878702859,-23.58729780656437
-56.76323878702859,-23.58729780656437
-56.79664127089066,-23.624503048320168
-56.79664127089066,-23.624503048320168
-56.79664127089066,-23.624503048320168
-56.89684869634104,-23.736118809118306
-56.89684869634104,-23.736118809118306
-56.997056083451824,-23.84773462226656
-56.997056083451824,-23.84773462226656
-57.09726343329843,-23.95935048658544
-57.09726343329843,-23.95935048658544
-57.13066587512796,-23.996555785881714
-57.13066587512796,-23.996555785881714
-57.19747074680841,-24.07096640103417
-57.19747074680841,-24.07096640103417
-57.29767802498403,-24.1825823645144
-57.29767802498403,-24.1825823645144
-57.36448285796072,-24.256993033540514
-57.43128767590369,-24.331403723617374
-57.43128767590369,-24.331403723617374
-57.43128767590369,-24.331403723617374
-57.498092479024706,-24.405814434501735
-57.498092479024706,-24.405814434501735
-57.498092479024706,-24.405814434501735
-57.498092479024706,-24.405814434501735
-57.598299656387994,-24.51743053930645
-57.598299656387994,-24.51743053930645
-57.69850680161263,-24.629046689561154
-57.69850680161263,-24.629046689561154
-57.73190917631781,-24.666252082956913
-57.73190917631781,-24.666252082956913
-57.79871391524098,-24.74066288461938
-57.79871391524098,-24.74066288461938
-57.79871391524098,-24.74066288461938
-57.865518640296685,-24.8150737059687
-57.865518640296685,-24.8150737059687
-57.9323233516085,-24.889484546850348
-57.9323233516085,-24.889484546850348
-58.032530393042855,-25.001100844491038
-58.032530393042855,-25.001100844491038
-58.09933507040918,-25.07551173364751
-58.16613973427538,-25.149922641971948
-58.16613973427538,-25.149922641971948
-58.16613973427538,-25.149922641971948
-58.23294438466257,-25.22433356940561
-58.23294438466257,-25.22433356940561
-58.29974902158777,-25.298744515894377
-58.29974902158777,-25.298744515894377
-58.366553645071335,-25.373155481381968
-58.366553645071335,-25.373155481381968
-58.43335825510086,-25.447566465841817
-58.43335825510086,-25.447566465841817
-58.50016285164651,-25.521977469263266
-58.50016285164651,-25.521977469263266
-58.56696743466919,-25.596388491644138
-58.56696743466919,-25.596388491644138
-58.56696743466919,-25.596388491644138
-58.667174283744444,-25.708005060775953
-58.667174283744444,-25.708005060775953
-58.767381102112275,-25.819621672610662
-58.80078336804542,-25.856827219385888
-58.80078336804542,-25.856827219385888
-58.80078336804542,-25.856827219385888
-58.86758788956116,-25.931238327213777
-58.86758788956116,-25.931238327213777
-58.86758788956116,-25.931238327213777
-58.9677946457929,-26.04285502472874
-58.9677946457929,-26.04285502472874
-59.06800137060856,-26.154471765211053
-59.101403605190804,-26.191677354936083
-59.101403605190804,-26.191677354936083
-59.16820806374336,-26.26608854877411
-59.16820806374336,-26.26608854877411
-59.16820806374336,-26.26608854877411
-59.23501250805675,-26.34049976184566
-59.23501250805675,-26.34049976184566
-59.23501250805675,-26.34049976184566
-59.33521914767704,-26.45211661757042
-59.33521914767704,-26.45211661757042
-59.33521914767704,-26.45211661757042
-59.43542575488893,-26.563733516693215
-59.46882795004272,-26.60093915939938
-59.46882795004272,-26.60093915939938
-59.46882795004272,-26.60093915939938
-59.53563232942697,-26.675350459323937
-59.53563232942697,-26.675350459323937
-59.60243669417788,-26.749761778627693
-59.60243669417788,-26.749761778627693
-59.60243669417788,-26.749761778627693
-59.70264321378826,-26.861378793904706
-59.70264321378826,-26.861378793904706
-59.802849700253965,-26.972995852761706
-59.83625185503553,-27.010201548715862
-59.83625185503553,-27.010201548715862
-59.86965400612298,-27.047407249502324
-59.86965400612298,-27.047407249502324
-59.93645829718352,-27.121818665580374
-59.93645829718352,-27.121818665580374
-60.036664706011685,-27.23343582586285
-60.738108653779335,-28.014757134638756
-60.77151070861071,-28.051962960754352
-60.77151070861071,-28.051962960754352
-60.838314808663625,-28.126374625680146
-60.838314808663625,-28.126374625680146
-60.838314808663625,-28.126374625680146
-60.938520934679886,-28.237992154748287
-60.938520934679886,-28.237992154748287
-60.938520934679886,-28.237992154748287
-61.038727032646676,-28.349609720970953
-61.038727032646676,-28.349609720970953
-61.13893310321681,-28.461227323656356
-61.17233512067964,-28.498433199280658
-61.17233512067964,-28.498433199280658
-61.17233512067964,-28.498433199280658
-61.23913914650556,-28.57284496261325
-61.23913914650556,-28.57284496261325
-61.30594316012437,-28.647256742105736
-61.30594316012437,-28.647256742105736
-61.30594316012437,-28.647256742105736
-61.4061491574337,-28.75887444180463
-61.4061491574337,-28.75887444180463
-61.4061491574337,-28.75887444180463
-61.50635512661154,-28.870492178341898
-61.50635512661154,-28.870492178341898
-61.50635512661154,-28.870492178341898
-61.60656106715644,-28.982109952094646
-61.60656106715644,-28.982109952094646
-61.60656106715644,-28.982109952094646
-61.70676697848571,-29.093727763507953
-61.70676697848571,-29.093727763507953
-61.80697286001985,-29.205345613019514
-61.84037481382177,-29.24255157138753
-61.84037481382177,-29.24255157138753
-61.84037481382177,-29.24255157138753
-61.907178711258794,-29.316963500992387
-61.907178711258794,-29.316963500992387
-61.97398259501218,-29.391375447848066
-61.97398259501218,-29.391375447848066
-62.04078646498268,-29.465787412016326
-62.04078646498268,-29.465787412016326
-62.04078646498268,-29.465787412016326
-62.14099224386711,-29.577405390872443
-62.14099224386711,-29.577405390872443
-62.14099224386711,-29.577405390872443
-62.24119799120795,-29.689023408995205
-62.24119799120795,-29.689023408995205
-62.34140370681454,-29.80064146645058
-62.374805604939546,-29.83784749434665
-62.374805604939546,-29.83784749434665
-62.374805604939546,-29.83784749434665
-62.441609390533955,-29.912259563266186
-62.441609390533955,-29.912259563266186
-62.441609390533955,-29.912259563266186
-62.54181504228548,-30.023877699402927
-62.54181504228548,-30.023877699402927
-62.54181504228548,-30.023877699402927
-62.64202066215978,-30.135495874667797
-62.64202066215978,-30.135495874667797
-62.742226250298295,-30.24711408882052
-62.775628105974526,-30.284320168812393
-62.775628105974526,-30.284320168812393
-62.809029958147086,-30.321526253087818
-62.809029958147086,-30.321526253087818
-62.809029958147086,-30.321526253087818
-62.90923549367441,-30.43314453154424
-62.90923549367441,-30.43314453154424
-62.90923549367441,-30.43314453154424
-63.00944099797713,-30.544762848123387
-63.00944099797713,-30.544762848123387
-63.00944099797713,-30.544762848123387
-63.10964647139231,-30.656381202409662
-63.10964647139231,-30.656381202409662
-63.17645010335817,-30.730793459329288
-63.20985191427809,-30.76799959396785
-63.243253721839885,-30.805205732704493
-63.243253721839885,-30.805205732704493
-63.31005732693796,-30.87961802241168
-63.31005732693796,-30.87961802241168
-63.37686091877309,-30.954030328309845
-63.37686091877309,-30.954030328309845
-63.37686091877309,-30.954030328309845
-63.47706628193742,-31.065648817194628
-63.47706628193742,-31.065648817194628
-63.57727161597203,-31.177267341693202
-63.610673387578906,-31.21447352436073
-63.610673387578906,-31.21447352436073
-63.677476921274405,-31.28888590134542
-63.677476921274405,-31.28888590134542
-63.677476921274405,-31.28888590134542
-63.677476921274405,-31.28888590134542
-63.74428044235384,-31.363298293770704
-63.74428044235384,-31.363298293770704
-63.8444857005808,-31.47491691105998
-63.8444857005808,-31.47491691105998
-63.8444857005808,-31.47491691105998
-63.94469093113185,-31.58653556229083
-63.94469093113185,-31.58653556229083
-63.94469093113185,-31.58653556229083
-64.04489613432759,-31.69815424707999
-64.04489613432759,-31.69815424707999
-64.14510131054995,-31.809772964991588
-64.17850303002025,-31.846979211589087
-64.17850303002025,-31.846979211589087
-64.17850303002025,-31.846979211589087
-64.24530646010348,-31.921391715661187
-64.24530646010348,-31.921391715661187
-64.24530646010348,-31.921391715661187
-64.3455115832199,-32.03301049879347
-64.3455115832199,-32.03301049879347
-64.41231498410374,-32.10742303873191
-64.47911837345558,-32.18183559284234
-64.47911837345558,-32.18183559284234
-64.47911837345558,-32.18183559284234
-64.54592175132288,-32.25624816105856
-64.54592175132288,-32.25624816105856
-64.61272511772943,-32.33066074333613
-64.61272511772943,-32.33066074333613
-64.61272511772943,-32.33066074333613
-64.71293014590792,-32.44227964301651
-64.71293014590792,-32.44227964301651
-64.71293014590792,-32.44227964301651
-64.81313514849866,-32.553898574032445
-64.81313514849866,-32.553898574032445
-64.81313514849866,-32.553898574032445
-64.94674177888966,-32.70272386394145
-64.94674177888966,-32.70272386394145
-64.94674177888966,-32.70272386394145
-65.01354507703347,-32.77713652967995
-65.01354507703347,-32.77713652967995
-65.01354507703347,-32.77713652967995
-65.11375000289016,-32.88875555425063
-65.18055327256286,-32.9631682545709
-65.21395490312807,-33.00037460990704
-65.24735653083481,-33.037580968700375
-65.24735653083481,-33.037580968700375
-65.24735653083481,-33.037580968700375
-65.31415977763594,-33.111993696681814
-65.31415977763594,-33.111993696681814
-65.38096301292607,-33.18640643853143
-65.38096301292607,-33.18640643853143
-65.38096301292607,-33.18640643853143
-65.48116784423094,-33.29802557730837
-65.48116784423094,-33.29802557730837
-65.48116784423094,-33.29802557730837
-65.58137264955351,-33.409644747252564
-65.58137264955351,-33.409644747252564
-65.58137264955351,-33.409644747252564
-65.68157742876838,-33.52126394840756
-65.68157742876838,-33.52126394840756
-65.68157742876838,-33.52126394840756
-65.78178218178279,-33.63288318078519
-65.78178218178279,-33.63288318078519
-65.78178218178279,-33.63288318078519
-65.88198690854297,-33.74450244436134
-65.88198690854297,-33.74450244436134
-65.88198690854297,-33.74450244436134
-65.9821916089992,-33.85612173910775
-65.9821916089992,-33.85612173910775
-65.9821916089992,-33.85612173910775
-66.11579783529453,-34.00494751385413
-66.11579783529453,-34.00494751385413
-66.11579783529453,-34.00494751385413
-66.18260093089602,-34.07936042191507
-66.18260093089602,-34.07936042191507
-66.18260093089602,-34.07936042191507
-66.24940401477582,-34.15377334376095
-66.28280555232102,-34.190979809845714
-66.34960861862504,-34.265392752322896
-66.34960861862504,-34.265392752322896
-66.44981319613572,-34.37701219174947
-66.48321471612624,-34.414218678398704
-66.48321471612624,-34.414218678398704
-66.48321471612624,-34.414218678398704
-66.55001774732791,-34.48863166195047
-66.55001774732791,-34.48863166195047
-66.55001774732791,-34.48863166195047
-66.65022227215896,-34.60025116289204
-66.65022227215896,-34.60025116289204
-66.75049544688946,-34.711637828999436
-66.78401321683677,-34.748462625383226
-66.78401321683677,-34.748462625383226
-66.78401321683677,-34.748462625383226
-66.85114626869735,-34.82188427878818
-66.85114626869735,-34.82188427878818
-66.91828919850073,-34.895271781855214
-66.91828919850073,-34.895271781855214
-66.98553498794902,-34.968293853039526
-66.98553498794902,-34.968293853039526
-66.98553498794902,-34.968293853039526
-67.08669389903395,-35.076870028683324
-67.08669389903395,-35.076870028683324
-67.08669389903395,-35.076870028683324
-67.18843880614456,-35.183691839688386
-67.18843880614456,-35.183691839688386
-67.18843880614456,-35.183691839688386
-67.2907188862196,-35.28895170517586
-67.2907188862196,-35.28895170517586
-67.2907188862196,-35.28895170517586
-67.42821518553785,-35.426093316194645
-67.42821518553785,-35.426093316194645
-67.42821518553785,-35.426093316194645
-67.49751227119862,-35.4932702100218
-67.49751227119862,-35.4932702100218
-67.5323080005536,-35.52649227212616
-67.60218561347288,-35.59212426145581
-67.60218561347288,-35.59212426145581
-67.70781284715679,-35.688239083101436
-67.74323415471575,-35.71971319035594
-67.74323415471575,-35.71971319035594
-67.74323415471575,-35.71971319035594
-67.8143824398863,-35.781908946522414
-67.8143824398863,-35.781908946522414
-67.92194427549046,-35.872981249632225
-67.92194427549046,-35.872981249632225
-67.92194427549046,-35.872981249632225
-68.03049613550387,-35.9613613613642
-68.03049613550387,-35.9613613613642
-68.14008317997903,-36.04668174307896
-68.17681345957403,-36.07453094156369
-68.17681345957403,-36.07453094156369
-68.2505893601067,-36.129223194656305
-68.2505893601067,-36.129223194656305
-68.2505893601067,-36.129223194656305
-68.3248115371676,-36.182421525170064
-68.3248115371676,-36.182421525170064
-68.39944832207028,-36.234226052682324
-68.39944832207028,-36.234226052682324
-68.47443798323461,-36.284847361876764
-68.47443798323461,-36.284847361876764
-68.54976842757115,-36.334275368818986
-68.54976842757115,-36.334275368818986
-68.54976842757115,-36.334275368818986
-68.66342607408654,-36.40599086943105
-68.66342607408654,-36.40599086943105
-68.7779168622475,-36.47453518600432
-68.7779168622475,-36.47453518600432
-68.7779168622475,-36.47453518600432
-68.8931261945824,-36.54029586447392
-68.93166527340766,-36.56168410489881
-68.93166527340766,-36.56168410489881
-68.93166527340766,-36.56168410489881
-69.00894077600864,-36.60367959058123
-69.00894077600864,-36.60367959058123
-69.00894077600864,-36.60367959058123
-69.12532080015546,-36.66479666317542
-69.12532080015546,-36.66479666317542
-69.24225459861692,-36.72366724934805
-69.24225459861692,-36.72366724934805
-69.24225459861692,-36.72366724934805
-69.35951090854165,-36.78114271733012
-69.3986452611534,-36.800067681934905
-69.3986452611534,-36.800067681934905
-69.3986452611534,-36.800067681934905
-69.47702745655998,-36.83742681226228
-69.47702745655998,-36.83742681226228
-69.47702745655998,-36.83742681226228
-69.59480239882103,-36.8925447219742
-69.59480239882103,-36.8925447219742
-69.59480239882103,-36.8925447219742
-69.71282338554342,-36.94659078922906
-69.75221137869637,-36.96439582858228
-69.75221137869637,-36.96439582858228
-69.75221137869637,-36.96439582858228
-69.83102721509219,-36.99979812948227
-69.83102721509219,-36.99979812948227
-69.83102721509219,-36.99979812948227
-69.94928466405645,-37.05262103524868
-69.94928466405645,-37.05262103524868
-70.06770614491195,-37.10472840603445
-70.06770614491195,-37.10472840603445
-70.06770614491195,-37.10472840603445
-70.18633271237147,-37.156010121478964
-70.22590600959674,-37.172972522643924
-70.22590600959674,-37.172972522643924
-70.26548663518024,-37.18989665407023
-70.26548663518024,-37.18989665407023
-70.26548663518024,-37.18989665407023
-70.38435431801183,-37.240191924321515
-70.38435431801183,-37.240191924321515
-70.38435431801183,-37.240191924321515
-70.50347883066723,-37.2895921747839
-70.50347883066723,-37.2895921747839
-70.50347883066723,-37.2895921747839
-70.62274095748779,-37.33851065406316
-70.62274095748779,-37.33851065406316
-70.74227182977293,-37.38658264541059
-70.78213257720877,-37.40255351105821
-70.78213257720877,-37.40255351105821
-70.78213257720877,-37.40255351105821
-70.8619116396834,-37.43433075035402
-70.8619116396834,-37.43433075035402
-70.8619116396834,-37.43433075035402
-70.9815186474985,-37.48219254246777
-70.9815186474985,-37.48219254246777
-71.02136800579962,-37.498204647639895
-71.14084368129751,-37.54644976064466
-71.14084368129751,-37.54644976064466
-71.14084368129751,-37.54644976064466
-71.22038434298283,-37.57892723757209
-71.22038434298283,-37.57892723757209
-71.22038434298283,-37.57892723757209
-71.33939003037828,-37.628441550106274
-71.33939003037828,-37.628441550106274
-71.45785017093246,-37.679391433821124
-71.49718357085206,-37.696778142143344
-71.49718357085206,-37.696778142143344
-71.49718357085206,-37.696778142143344
-71.57558295612287,-37.7322440417866
-71.57558295612287,-37.7322440417866
-71.57558295612287,-37.7322440417866
-71.69257512368351,-37.78710303991825
-71.69257512368351,-37.78710303991825
-71.69257512368351,-37.78710303991825
-71.80881052654811,-37.84396614305644
-71.80881052654811,-37.84396614305644
-71.92443066791729,-37.90243869721139
-71.92443066791729,-37.90243869721139
-71.92443066791729,-37.90243869721139
-72.03931377718315,-37.96280245326683
-72.07745954261213,-37.983308265003316
-72.11556933640702,-38.003914516966894
-72.15361615532765,-38.02468621645219
-72.15361615532765,-38.02468621645219
-72.15361615532765,-38.02468621645219
-72.26749902761976,-38.08771892689853
-72.26749902761976,-38.08771892689853
-72.26749902761976,-38.08771892689853
-72.3432437037375,-38.130254364240685
-72.38108521943587,-38.15162421529391
-72.41892576120688,-38.1730167663817
-72.41892576120688,-38.1730167663817
-72.49448766920888,-38.216141070006344
-72.49448766920888,-38.216141070006344
-72.49448766920888,-38.216141070006344
-72.60747711368616,-38.281800104592214
-72.60747711368616,-38.281800104592214
-72.60747711368616,-38.281800104592214
-72.72025678477718,-38.34812719556146
-72.72025678477718,-38.34812719556146
-72.83258055006429,-38.41566736261964
-72.86991791339042,-38.438454962320485
-72.86991791339042,-38.438454962320485
-72.86991791339042,-38.438454962320485
-72.94452268835353,-38.48426473499165
-72.94452268835353,-38.48426473499165
-72.94452268835353,-38.48426473499165
-73.05611298430831,-38.55387117029734
-73.05611298430831,-38.55387117029734
-73.16718841086924,-38.62481808550572
-73.2040654237116,-38.648832315012285
-73.2040654237116,-38.648832315012285
-73.2040654237116,-38.648832315012285
-73.2776940785629,-38.69719913858234
-73.2776940785629,-38.69719913858234
-73.2776940785629,-38.69719913858234
-73.38775380719073,-38.77073114491692
-73.38775380719073,-38.77073114491692
-73.38775380719073,-38.77073114491692
-73.4974582762789,-38.84520385643228
-73.4974582762789,-38.84520385643228
-73.4974582762789,-38.84520385643228
-73.64316787312013,-38.945934251036626
-73.64316787312013,-38.945934251036626
-73.71579596911347,-38.996866487487765
-74.80405018595381,-39.86708927433424
-74.83714533901949,-39.89926659724131
-74.83714533901949,-39.89926659724131
-74.83714533901949,-39.89926659724131
-74.90286582579849,-39.96456065570081
-74.90286582579849,-39.96456065570081
-74.90286582579849,-39.96456065570081
-75.00047241094933,-40.064500024145836
-75.00047241094933,-40.064500024145836
-75.00047241094933,-40.064500024145836
-75.09693048359988,-40.166768278800234
-75.09693048359988,-40.166768278800234
-75.09693048359988,-40.166768278800234
-75.19235862095671,-40.27109742463959
-75.19235862095671,-40.27109742463959
-75.19235862095671,-40.27109742463959
-75.28695578155859,-40.37707590964507
-75.28695578155859,-40.37707590964507
-75.28695578155859,-40.37707590964507
-75.38094426187524,-40.48426047952771
-75.38094426187524,-40.48426047952771
-75.38094426187524,-40.48426047952771
-75.47453136213018,-40.592246307389786
-75.47453136213018,-40.592246307389786
-75.47453136213018,-40.592246307389786
-75.56787832816933,-40.70071377242956
-75.56787832816933,-40.70071377242956
-75.56787832816933,-40.70071377242956
-75.66087323362188,-40.809812046305105
-75.66087323362188,-40.809812046305105
-76.61324537681277,-41.86887904345529
-76.61324537681277,-41.86887904345529
-76.71607750862334,-41.964915092249775
-76.71607750862334,-41.964915092249775
-76.75078663604067,-41.99631974431997
-76.75078663604067,-41.99631974431997
-76.75078663604067,-41.99631974431997
-76.85633399502744,-42.08870048550794
-76.85633399502744,-42.08870048550794
-76.96387480422364,-42.178291597709176
-76.96387480422364,-42.178291597709176
-76.96387480422364,-42.178291597709176
-77.073233767031,-42.26524930766253
-78.26900197691053,-43.129793246398485
-78.34099436183723,-43.18690663601071
-78.41243549554011,-43.24476130117973
-78.41243549554011,-43.24476130117973
-78.41243549554011,-43.24476130117973
-78.41243549554011,-43.24476130117973
-78.51869327009959,-43.332699109421
-78.51869327009959,-43.332699109421
-78.51869327009959,-43.332699109421
-78.62405504569404,-43.421722440342684
-78.62405504569404,-43.421722440342684
-78.62405504569404,-43.421722440342684
-78.62405504569404,-43.421722440342684
-78.7284807894728,-43.511822316203904
-78.7284807894728,-43.511822316203904
-78.83221595990506,-43.60256156790595
-78.83221595990506,-43.60256156790595
-78.83221595990506,-43.60256156790595
-78.93555522171239,-43.693455184255285
-78.93555522171239,-43.693455184255285
-78.93555522171239,-43.693455184255285
-79.03875134217189,-43.784091047745406
-79.03875134217189,-43.784091047745406
-79.03875134217189,-43.784091047745406
-79.03875134217189,-43.784091047745406
-79.14192293289042,-43.87426314874965
-79.14192293289042,-43.87426314874965
-79.24520487124312,-43.963740451309846
-79.24520487124312,-43.963740451309846
-79.24520487124312,-43.963740451309846
-79.34852003509498,-44.052625156427126
-79.34852003509498,-44.052625156427126
-79.34852003509498,-44.052625156427126
-79.45216187283317,-44.1404509434916
-79.45216187283317,-44.1404509434916
-79.45216187283317,-44.1404509434916
-79.45216187283317,-44.1404509434916
-79.55600618210197,-44.22739680630362
-79.55600618210197,-44.22739680630362
-79.55600618210197,-44.22739680630362
-79.69484863921753,-44.34183780812382
-79.69484863921753,-44.34183780812382
-79.69484863921753,-44.34183780812382
-79.79930194859445,-44.42648925707232
-79.83415078480374,-44.45452819839445
-79.83415078480374,-44.45452819839445
-79.90378677391813,-44.51049918702031
-79.90378677391813,-44.51049918702031
-79.90378677391813,-44.51049918702031
-80.00840875421133,-44.59369933200124
-80.00840875421133,-44.59369933200124
-80.11313865317327,-44.67613467599239
-80.11313865317327,-44.67613467599239
-80.11313865317327,-44.67613467599239
-80.21746903099157,-44.75855252392065
-80.21746903099157,-44.75855252392065
-80.25211964290969,-44.786075302821224
-80.25211964290969,-44.786075302821224
-80.25211964290969,-44.786075302821224
-80.3212372035324,-44.84118763485385
-80.3212372035324,-44.84118763485385
-80.42467231460752,-44.92373351867322
-80.42467231460752,-44.92373351867322
-80.42467231460752,-44.92373351867322
-80.5276357555815,-45.00640932787357
-80.5276357555815,-45.00640932787357
-80.5276357555815,-45.00640932787357
-80.5276357555815,-45.00640932787357
-80.66306583081756,-45.11842713864823
-80.66306583081756,-45.11842713864823
-81.68682061226619,-46.21577017518242
-83.8120841145349,-48.80190620670185
-85.20216440393727,-49.53683036042839
-86.91313570752777,-52.05165552913804
-86.91590182046322,-52.09712038650604
-86.91812167118182,-52.14278639803157
-86.91812167118182,-52.14278639803157
-86.91812167118182,-52.14278639803157
-86.91812167118182,-52.14278639803157
-86.9211692529474,-52.2805517645347
-86.9211692529474,-52.2805517645347
-86.9211692529474,-52.2805517645347
-86.9211692529474,-52.2805517645347
-86.91742613774665,-52.465695833482975
-86.91742613774665,-52.465695833482975
-86.91742613774665,-52.465695833482975
-86.90490022607119,-52.651531034540405
-86.90490022607119,-52.651531034540405
-86.90490022607119,-52.651531034540405
-86.90490022607119,-52.651531034540405
-86.88335490862498,-52.83655914579716
-86.88335490862498,-52.83655914579716
-86.88335490862498,-52.83655914579716
-86.88335490862498,-52.83655914579716
-86.8526497402867,-53.01938706481349
-86.8526497402867,-53.01938706481349
-86.8526497402867,-53.01938706481349
-86.8526497402867,-53.01938706481349
-86.81273480987987,-53.19886636329494
-86.81273480987987,-53.19886636329494
-86.81273480987987,-53.19886636329494
-86.81273480987987,-53.19886636329494
-86.76360093099468,-53.37404388684168
-86.76360093099468,-53.37404388684168
-86.76360093099468,-53.37404388684168
-86.76360093099468,-53.37404388684168
-86.68921975530003,-53.585834488350066
-86.68921975530003,-53.585834488350066
-86.68921975530003,-53.585834488350066
-86.68921975530003,-53.585834488350066
-86.63768227119417,-53.7085896487596
-86.63768227119417,-53.7085896487596
-86.63768227119417,-53.7085896487596
-86.58096682268226,-53.82783673625062
-86.58096682268226,-53.82783673625062
-86.58096682268226,-53.82783673625062
-86.51907715585828,-53.94339255970425
-86.51907715585828,-53.94339255970425
-86.51907715585828,-53.94339255970425
-86.51907715585828,-53.94339255970425
-86.42851894921294,-54.09144489861673
-86.42851894921294,-54.09144489861673
-86.42851894921294,-54.09144489861673
-86.42851894921294,-54.09144489861673
-86.32879349858096,-54.23229707846119
-86.32879349858096,-54.23229707846119
-86.32879349858096,-54.23229707846119
-86.32879349858096,-54.23229707846119
-86.21993239418234,-54.365632763653075
-86.21993239418234,-54.365632763653075
-86.21993239418234,-54.365632763653075
-86.21993239418234,-54.365632763653075
-86.10202258356033,-54.49115202863252
-86.07116180937457,-54.52127387027647
